2,1,1,377.438096,0.005386,377.443259,289.102766,30.759481,57.571483,377.443403
3,1,2,382.168739,0.005871,382.171426,336.626585,17.032578,28.495320,382.171564
3,2,1,205.252734,0.006775,205.257824,116.168604,30.870577,58.207247,205.257985
4,1,3,382.900734,0.008235,382.902569,351.827978,12.094166,18.961090,382.902734
4,2,2,207.848944,0.007426,207.851719,163.385033,15.538376,28.910333,207.851838
4,3,1,148.187891,0.007303,148.193340,56.972097,31.576428,59.632926,148.193504
5,1,4,382.921692,0.005644,382.923104,358.959291,9.670944,14.273011,382.923269
5,2,3,209.111982,0.007518,209.113873,179.477516,10.734400,18.883995,209.113997
5,3,2,148.804192,0.007601,148.806722,103.480471,15.844409,29.464532,148.806841
5,4,1,118.957933,0.007180,118.958696,26.553656,31.830199,60.562665,118.958842
6,1,5,384.475474,0.007066,384.476643,364.738167,8.236315,11.477628,384.476812
6,2,4,210.827839,0.007808,210.829099,188.520660,8.088051,14.203555,210.829221
6,3,3,151.146399,0.006671,151.148076,121.143587,10.516134,19.471712,151.148199
6,4,2,119.454662,0.007983,119.457369,72.697254,16.180255,30.561357,119.457486
6,5,1,102.287200,1.167540,102.288615,7.831595,32.292285,62.153751,102.288779
7,1,6,388.219375,0.006930,388.220371,371.224660,7.275800,9.693476,388.220546
7,2,5,212.473239,0.007874,212.474257,194.332191,6.675209,11.447956,212.474379
7,3,4,152.872606,0.006775,152.874100,129.983486,8.242115,14.629287,152.874166
7,4,3,122.077522,0.007234,122.079542,91.117476,11.032193,19.912774,122.079660
7,5,2,103.671029,0.007258,103.673767,56.470819,16.504480,30.679672,103.673886
7,6,1,94.526586,3.956932,94.526669,0.009236,32.478449,62.027772,94.526771
8,1,7,395.454427,0.006514,395.455406,380.081866,6.683890,8.660775,395.455526
8,2,6,217.842968,0.008516,217.843887,202.314152,5.690956,9.816981,217.844029
8,3,5,155.778478,0.007272,155.779580,136.808001,6.886445,12.066842,155.779744
8,4,4,124.985984,0.007680,124.987435,101.562619,8.259675,15.145308,124.987599
8,5,3,106.073894,0.007155,106.075675,74.166889,11.300125,20.591875,106.075796
8,6,2,93.389172,0.007469,93.391894,44.940012,16.866711,31.563492,93.392056
8,7,1,97.423244,13.703384,97.423743,0.007690,33.254053,64.149341,97.423904
9,1,8,396.297605,0.005744,396.298526,382.482714,6.140485,7.644559,396.298703
9,2,7,219.264336,0.008647,219.265118,205.681296,5.008328,8.550102,219.265274
9,3,6,157.707892,0.008126,157.708824,141.994852,5.721709,9.970660,157.708988
9,4,5,126.310379,0.007882,126.311483,107.227905,6.931053,12.133917,126.311602
9,5,4,106.904236,0.007534,106.905729,82.873825,8.619029,15.393142,106.905892
9,6,3,93.943301,0.007910,93.945259,61.243130,11.457356,21.228458,93.945381
9,7,2,85.395251,0.007381,85.397982,35.906113,17.414927,32.058961,85.398115
9,8,1,98.498601,21.031793,98.499376,0.007450,33.472747,65.006632,98.499537
10,1,9,397.097965,0.007013,397.098731,384.444657,5.730431,6.890761,397.098877
10,2,8,220.658322,0.008285,220.659059,208.891559,4.330452,7.409417,220.659126
10,3,7,157.965454,0.007813,157.966325,144.418709,5.003612,8.519106,157.966484
10,4,6,126.771942,0.007489,126.772861,110.765709,5.899857,10.086027,126.772981
10,5,5,107.865796,0.007307,107.867008,88.789952,6.778131,12.277830,107.867124
10,6,4,94.407409,0.008015,94.408775,70.116961,8.652303,15.622086,94.408891
10,7,3,85.908083,0.007510,85.909899,53.222605,11.569172,21.101235,85.910002
10,8,2,79.991933,0.009144,79.994653,29.758786,17.658863,32.556467,79.994775
10,9,1,99.349491,26.339392,99.350507,0.006790,33.510224,65.821789,99.350627
11,1,10,401.212522,0.006377,401.213260,389.423061,5.445746,6.306984,401.213375
11,2,9,220.730060,0.007129,220.730673,210.094159,3.911186,6.693837,220.730791
11,3,8,159.462706,0.007817,159.463452,147.463100,4.416374,7.555238,159.463567
11,4,7,128.480015,0.007767,128.480803,114.568075,5.145091,8.741728,128.480922
11,5,6,109.073773,0.007106,109.074724,92.759741,5.959241,10.334352,109.074864
11,6,5,95.925541,0.007646,95.926686,76.301459,7.067940,12.537946,95.926807
11,7,4,86.789773,0.007712,86.791146,61.896330,8.814576,16.062727,86.791260
11,8,3,81.029971,0.007616,81.031889,47.359947,11.912481,21.739050,81.032001
11,9,2,76.139898,0.007204,76.139915,24.761978,18.181520,33.176841,76.140032
11,10,1,100.862893,30.566494,100.864131,0.006739,33.831253,67.014910,100.864251
12,1,11,403.684581,0.007107,403.685310,392.531116,5.169034,5.944935,403.685473
12,2,10,229.471015,0.007293,229.471914,218.334847,3.977456,7.123253,229.472076
12,3,9,163.922984,0.007138,163.923658,152.665061,4.116697,7.109845,163.923780
12,4,8,130.703928,0.007828,130.704684,118.202773,4.572621,7.899168,130.704751
12,5,7,111.701501,0.007920,111.702372,97.141077,5.343986,9.192234,111.702533
12,6,6,98.740850,0.007464,98.741864,81.926674,6.007412,10.785077,98.741980
12,7,5,89.006330,0.007931,89.007549,68.525620,7.321751,13.140182,89.007672
12,8,4,82.439927,0.008069,82.441455,56.716557,9.032509,16.674476,82.441591
12,9,3,78.411329,0.007684,78.413220,43.494988,12.344872,22.550578,78.413381
12,10,2,74.570625,0.092967,74.570803,21.352064,18.769723,34.427820,74.570868
12,11,1,105.055884,35.229625,105.057198,0.007111,35.346123,69.692739,105.057315
13,1,12,411.069635,0.007650,411.070298,400.320021,5.065765,5.639824,411.070370
13,2,11,230.207274,0.007403,230.207840,220.897210,3.401429,5.870435,230.207963
13,3,10,164.233038,0.007179,164.233652,154.094128,3.722224,6.382238,164.233769
13,4,9,131.352539,0.008174,131.353216,120.098730,4.163476,7.058725,131.353336
13,5,8,111.894247,0.007490,111.895013,99.120949,4.711943,8.032584,111.895187
13,6,7,99.305230,0.034759,99.306096,84.808337,5.336891,9.136710,99.306209
13,7,6,89.580820,0.007462,89.581829,72.591979,6.160296,10.807620,89.581946
13,8,5,82.817618,0.007949,82.818844,61.859929,7.396905,13.541618,82.818958
13,9,4,78.728489,0.007833,78.729955,52.390357,9.328317,16.991692,78.730099
13,10,3,75.355994,0.007590,75.357876,39.686421,12.699475,22.947192,75.357943
13,11,2,72.187323,0.011952,72.187669,18.103924,19.031607,35.026821,72.187786
13,12,1,105.841533,37.667516,105.843002,0.006730,35.206917,70.616333,105.843166
14,1,13,410.522341,0.006729,410.522967,400.350326,4.914900,5.209707,410.523090
14,2,12,230.250922,0.007830,230.251450,221.688871,3.121313,5.398693,230.251617
14,3,11,164.096776,0.008080,164.097336,154.802960,3.407466,5.847861,164.097405
14,4,10,131.524786,0.007731,131.525398,121.288879,3.776896,6.424290,131.525468
14,5,9,111.872117,0.008360,111.872805,100.511568,4.194051,7.134115,111.872877
14,6,8,98.587570,0.007803,98.588339,85.856512,4.686638,8.016251,98.588454
14,7,7,89.790088,0.007716,89.790962,75.300983,5.176519,9.287494,89.791084
14,8,6,83.193815,0.007671,83.194825,66.032972,6.162456,10.975602,83.194986
14,9,5,78.491021,0.008149,78.492244,57.344722,7.428395,13.699801,78.492406
14,10,4,75.553404,0.008218,75.554909,49.009067,9.418768,17.109833,75.555022
14,11,3,72.799048,0.007656,72.800923,36.541401,12.957633,23.275201,72.801037
14,12,2,70.245191,0.010968,70.245628,15.436763,19.130480,35.649579,70.245791
14,13,1,106.303017,39.725829,106.304482,0.006418,35.187621,71.096576,106.304600
15,1,14,410.573659,0.007241,410.574255,400.790926,4.841680,4.889319,410.574373
15,2,13,229.905243,0.008415,229.905719,221.836625,2.928721,5.092873,229.905837
15,3,12,164.735496,0.007998,164.736032,156.070591,3.156904,5.464997,164.736196
15,4,11,131.970120,0.008378,131.970680,122.531974,3.474988,5.924716,131.970796
15,5,10,111.546006,0.008313,111.546629,101.195778,3.792538,6.522260,111.546765
15,6,9,98.649971,0.008827,98.650652,87.095043,4.272022,7.250564,98.650772
15,7,8,89.187013,0.008548,89.187781,76.185044,4.761519,8.211574,89.187904
15,8,7,82.915391,0.008471,82.916264,68.050972,5.406937,9.431139,82.916382
15,9,6,78.124896,0.008793,78.125915,60.534061,6.245047,11.324080,78.126029
15,10,5,75.433623,0.060941,75.434851,53.855663,7.590832,13.966020,75.434962
15,11,4,72.940862,0.009035,72.942386,45.788482,9.770216,17.364174,72.942499
15,12,3,70.910238,0.007928,70.912244,33.784853,13.310091,23.788002,70.912311
15,13,2,68.382320,0.035606,68.382869,12.456345,19.367749,36.526527,68.383030
15,14,1,107.135066,42.049353,107.136577,0.006526,35.365173,71.752231,107.136739
16,1,15,410.713477,0.007225,410.714138,401.239512,4.773709,4.645063,410.714252
16,2,14,229.876338,0.007494,229.876793,222.228388,2.778592,4.818957,229.876959
16,3,13,164.175478,0.007935,164.175960,156.081267,2.955252,5.092645,164.176074
16,4,12,131.696178,0.008322,131.696720,122.975403,3.206211,5.472246,131.696884
16,5,11,111.751342,0.008160,111.751908,102.242229,3.515967,5.953253,111.752079
16,6,10,98.498459,0.008401,98.499114,88.057793,3.857399,6.546765,98.499280
16,7,9,89.735034,0.008310,89.735718,78.250254,4.235978,7.216343,89.735858
16,8,8,82.668783,0.008221,82.669552,69.787441,4.623242,8.228505,82.669733
16,9,7,78.181348,0.008908,78.182228,63.160901,5.435068,9.559779,78.182346
16,10,6,75.028886,0.008445,75.029968,57.113062,6.340784,11.552688,75.030088
16,11,5,72.607809,0.008660,72.609036,50.666505,7.790344,14.132478,72.609151
16,12,4,70.662568,0.008168,70.664061,43.347499,9.919581,17.375857,70.664179
16,13,3,68.942873,0.007853,68.944884,31.248782,13.688132,23.983045,68.944951
16,14,2,66.720541,0.019947,66.721161,9.960951,19.450556,37.277165,66.721276
16,15,1,107.394480,43.682345,107.396035,0.006442,35.313794,72.062709,107.396149
