
2,1,1,1.492039,.000049,1.493088,.981290,.268176,.243369,1.493190
3,1,2,1.514192,.000058,1.514733,1.250831,.138842,.124626,1.514855
3,2,1,.899970,.000399,.901031,.381496,.272172,.247070,.901155
4,1,3,1.514203,.000435,1.514570,1.332371,.097331,.084381,1.514685
4,2,2,.905732,.000065,.906279,.640080,.139989,.125730,.906406
4,3,1,.721497,.000813,.722569,.197956,.274556,.249757,.722694
5,1,4,1.500071,.000064,1.500350,1.363597,.072673,.063491,1.500465
5,2,3,.896999,.001661,.897369,.714792,.097158,.084894,.897485
5,3,2,.725601,.000082,.726159,.457073,.141325,.127092,.726277
5,4,1,.596787,.001109,.597877,.065466,.278917,.253190,.597999
6,1,5,1.505946,.000066,1.506173,1.394355,.059588,.051536,1.506292
6,2,4,.885111,.000194,.885391,.747738,.073012,.064018,.885506
6,3,3,.717600,.002416,.717985,.530150,.099467,.087328,.718103
6,4,2,.585214,.000515,.585762,.318437,.139965,.126482,.585884
6,5,1,.618953,.001016,.620026,.096925,.274778,.248018,.620143
7,1,6,1.490813,.000068,1.491003,1.398205,.049368,.042619,1.491118
7,2,5,.885083,.000162,.885308,.775299,.058366,.050917,.885423
7,3,4,.703111,.000619,.703394,.567818,.071865,.063064,.703509
7,4,3,.581662,.002373,.582034,.399321,.096790,.085111,.582144
7,5,2,.613529,.000253,.614080,.346883,.139867,.126631,.614195
7,6,1,.588415,.001105,.589490,.068700,.273716,.246787,.589610
8,1,7,1.596106,.000066,1.596284,1.509004,.046063,.040262,1.596401
8,2,6,.966723,.000083,.966938,.862143,.055197,.048744,.967055
8,3,5,.766782,.000973,.767033,.645908,.064112,.055962,.767141
8,4,4,.613892,.001032,.614198,.466950,.077635,.068741,.614290
8,5,3,.653458,.002699,.653876,.456683,.104100,.092026,.653984
8,6,2,.634872,.000521,.635489,.343179,.152930,.138625,.635610
8,7,1,.582837,.098394,.584046,.001881,.305751,.276081,.584166
9,1,8,1.645819,.000058,1.645982,1.565724,.042187,.037001,1.646098
9,2,7,.975728,.000388,.975913,.884990,.047760,.042187,.976025
9,3,6,.776817,.000530,.777033,.673125,.054880,.048046,.777154
9,4,5,.626705,.001401,.626961,.503495,.065122,.057290,.627080
9,5,4,.658665,.001794,.658984,.505668,.080829,.071208,.659103
9,6,3,.631431,.003003,.631847,.428126,.107472,.095037,.631967
9,7,2,.478701,.001443,.479317,.182127,.154853,.141059,.479442
9,8,1,.590349,.102663,.591567,.001790,.309879,.279561,.591690
10,1,9,1.651869,.000062,1.652020,1.578500,.038456,.033863,1.652132
10,2,8,.972756,.000061,.972921,.892350,.042219,.037266,.973033
10,3,7,.774098,.000947,.774290,.682925,.048026,.042287,.774399
10,4,6,.625921,.000817,.626139,.522051,.054714,.048229,.626253
10,5,5,.661256,.001715,.661516,.536726,.065381,.057615,.661633
10,6,4,.629537,.001334,.629857,.476602,.080784,.071457,.629972
10,7,3,.480075,.003332,.480500,.276361,.107321,.095407,.480616
10,8,2,.486192,.000986,.486821,.185797,.157043,.142971,.486938
10,9,1,.592695,.129701,.593931,.001832,.311346,.280421,.594050
11,1,10,1.675004,.000057,1.675152,1.606850,.035446,.031529,1.675269
11,2,9,.994221,.000065,.994382,.919886,.038802,.034470,.994493
11,3,8,.791733,.000963,.791905,.709284,.043084,.038065,.792019
11,4,7,.638063,.000904,.638254,.546116,.048125,.042643,.638365
11,5,6,.677507,.001091,.677732,.571082,.056145,.049390,.677844
11,6,5,.639705,.000928,.639971,.513954,.066454,.058380,.640082
11,7,4,.486656,.001984,.486983,.330525,.082086,.072886,.487096
11,8,3,.486394,.003428,.486820,.279626,.108903,.096822,.486928
11,9,2,.466730,.000838,.467357,.165220,.157925,.143606,.467477
11,10,1,.601508,.064681,.602762,.002080,.315265,.285086,.602875
12,1,11,1.715565,.000063,1.715699,1.650366,.033660,.030202,1.715813
12,2,10,1.026216,.000118,1.026359,.955537,.036715,.032732,1.026471
12,3,9,.815378,.001223,.815539,.737702,.040311,.035784,.815655
12,4,8,.659349,.001150,.659526,.575167,.043773,.038953,.659640
12,5,7,.689851,.001540,.690048,.594596,.049736,.043843,.690165
12,6,6,.654144,.001166,.654373,.544910,.057298,.050694,.654488
12,7,5,.500225,.001951,.500500,.370407,.068127,.060210,.500614
12,8,4,.503012,.001482,.503349,.342566,.084349,.075295,.503459
12,9,3,.481055,.002846,.481500,.268279,.112340,.100169,.481612
12,10,2,.551239,.001209,.551892,.238715,.163522,.148662,.552007
12,11,1,.619405,.154189,.620685,.001882,.324749,.293706,.620803
13,1,12,1.741427,.000063,1.741552,1.679332,.031749,.028847,1.741669
13,2,11,1.035922,.000188,1.036054,.969730,.034165,.030654,1.036172
13,3,10,.824782,.001096,.824934,.753123,.037328,.033028,.825049
13,4,9,.667455,.001057,.667617,.589823,.040188,.035976,.667733
13,5,8,.699159,.000968,.699341,.613395,.044475,.039714,.699454
13,6,7,.669895,.001253,.670101,.572672,.050822,.044757,.670219
13,7,6,.502549,.001495,.502789,.391816,.058212,.051416,.502900
13,8,5,.506752,.001571,.507031,.375548,.069039,.061053,.507146
13,9,4,.487212,.002003,.487555,.325127,.085028,.075846,.487665
13,10,3,.561384,.003410,.561835,.345881,.113587,.101295,.561949
13,11,2,.481553,.003082,.482217,.162561,.167252,.151128,.482333
13,12,1,.625023,.173355,.626316,.001910,.327697,.296359,.626435
14,1,13,1.748944,.000069,1.749063,1.689424,.030218,.027667,1.749171
14,2,12,1.041551,.000252,1.041676,.979069,.031949,.029017,1.041790
14,3,11,.832078,.001676,.832215,.764776,.034877,.030721,.832328
14,4,10,.672612,.001608,.672769,.600692,.037101,.033058,.672876
14,5,9,.702426,.001101,.702589,.624542,.040326,.035966,.702704
14,6,8,.671409,.001312,.671590,.585270,.044477,.039792,.671706
14,7,7,.507500,.001696,.507707,.410486,.050504,.044745,.507819
14,8,6,.509202,.001732,.509439,.397865,.058736,.051581,.509552
14,9,5,.487260,.002347,.487541,.355476,.069254,.060965,.487653
14,10,4,.557107,.002110,.557450,.395676,.085071,.075486,.557566
14,11,3,.470988,.003465,.471438,.254847,.113701,.101600,.471547
14,12,2,.453883,.001795,.454546,.135881,.166295,.151269,.454668
14,13,1,.620483,.182317,.621775,.001928,.325470,.294029,.621899
15,1,14,1.739691,.000064,1.739803,1.683219,.028464,.026256,1.739916
15,2,13,1.034515,.000307,1.034635,.974651,.030443,.027779,1.034750
15,3,12,.823239,.002054,.823369,.759396,.032172,.028908,.823481
15,4,11,.666421,.002241,.666560,.598790,.034269,.030759,.666672
15,5,10,.703950,.001587,.704100,.631919,.037081,.033045,.704213
15,6,9,.674831,.001486,.674999,.596148,.040860,.036064,.675112
15,7,8,.508254,.002420,.508441,.421608,.044710,.039573,.508553
15,8,7,.512825,.001565,.513033,.416246,.050667,.044708,.513148
15,9,6,.488716,.001904,.488954,.377860,.058258,.051319,.489066
15,10,5,.560855,.001918,.561136,.429832,.069016,.060825,.561245
15,11,4,.474168,.002398,.474517,.310303,.086439,.076674,.474628
15,12,3,.452189,.003107,.452640,.236051,.113804,.101940,.452751
15,13,2,.441962,.001723,.442625,.125313,.165585,.150629,.442742
15,14,1,.625820,.273372,.627114,.001947,.328535,.296281,.627232
16,1,15,1.733646,.000152,1.733758,1.678942,.027376,.025260,1.733869
16,2,14,1.035197,.000522,1.035309,.978160,.028842,.026229,1.035423
16,3,13,.821817,.001863,.821936,.761085,.030247,.027527,.822051
16,4,12,.669586,.002581,.669727,.605093,.032652,.029158,.669838
16,5,11,.703711,.002712,.703858,.635019,.035549,.030897,.703973
16,6,10,.672779,.002920,.672931,.598409,.038499,.033208,.673042
16,7,9,.507158,.002608,.507330,.428027,.041112,.035945,.507437
16,8,8,.512566,.002881,.512752,.424962,.045043,.039775,.512866
16,9,7,.483715,.002655,.483924,.387027,.050141,.044170,.484036
16,10,6,.558007,.003037,.558248,.446048,.058856,.051252,.558363
16,11,5,.469433,.003135,.469718,.337278,.069565,.060787,.469829
16,12,4,.447242,.002865,.447596,.285426,.084956,.075436,.447710
16,13,3,.441193,.003780,.441645,.227833,.112490,.100385,.441755
16,14,2,.346121,.003038,.346787,.037717,.161445,.146616,.346896
16,15,1,.621652,.200026,.622947,.002668,.325566,.294372,.623070
