total_threads iteration_threads transfer_threads iteration_time iteration_idle_time transfer_time transfer_idle_time DRAM_to_NVM_time Analyse_time Total time
16,14,2,0.319134,0.023900,0.319800,0.002002,0.165135,0.152093,0.319913
16,14,2,0.252870,0.033185,0.253532,0.001209,0.123311,0.112859,0.253658
16,14,2,0.317808,0.023037,0.318472,0.001829,0.164831,0.151310,0.318601
16,14,2,0.321697,0.027041,0.322356,0.001371,0.165169,0.152311,0.322473
16,14,2,0.315260,0.024194,0.315920,0.002410,0.163385,0.149580,0.316045
16,14,2,0.323634,0.021530,0.324312,0.007439,0.164959,0.151348,0.324430
16,14,2,0.319736,0.026520,0.320399,0.001195,0.165920,0.152724,0.320475
16,14,2,0.319848,0.024343,0.320530,0.002530,0.165338,0.152123,0.320657
16,14,2,0.330503,0.036290,0.331163,0.000508,0.165962,0.151875,0.331285
16,14,2,0.319953,0.025825,0.320601,0.001214,0.166364,0.152461,0.320719
16,14,2,0.311511,0.023808,0.312171,0.002652,0.160938,0.148011,0.312291
16,14,2,0.319555,0.025437,0.320214,0.001660,0.165809,0.152208,0.320339
16,14,2,0.319613,0.025527,0.320271,0.001528,0.164822,0.153365,0.320397
16,14,2,0.319187,0.023739,0.319850,0.002497,0.165364,0.151417,0.319918
16,14,2,0.327546,0.031933,0.328207,0.002031,0.168845,0.156775,0.328333
16,14,2,0.319880,0.026446,0.320543,0.001172,0.166215,0.152663,0.320680
16,14,2,0.320220,0.025188,0.320879,0.002654,0.165628,0.152015,0.321001
16,14,2,0.318566,0.023368,0.319226,0.002093,0.165075,0.151522,0.319349
16,14,2,0.319019,0.023985,0.319680,0.002434,0.165105,0.151636,0.319804
16,14,2,0.319403,0.023721,0.320062,0.002771,0.165130,0.151597,0.320182
16,14,2,0.350274,0.025744,0.350937,0.032590,0.165454,0.152357,0.351056
16,14,2,0.324217,0.022999,0.324879,0.007924,0.164689,0.151761,0.324998
16,14,2,0.262895,0.019831,0.263558,0.002544,0.135978,0.124575,0.263680
16,14,2,0.318160,0.024418,0.318818,0.002131,0.164762,0.151394,0.318943
16,14,2,0.319669,0.026551,0.320324,0.001191,0.167017,0.151546,0.320445
16,14,2,0.338958,0.020321,0.339625,0.021461,0.165565,0.152057,0.339735
16,14,2,0.319795,0.025321,0.320459,0.001984,0.165463,0.152512,0.320531
16,14,2,0.337641,0.023882,0.338306,0.020664,0.165270,0.151831,0.338436
16,14,2,0.310416,0.027435,0.311083,0.001744,0.159724,0.146848,0.311203
16,14,2,0.319131,0.025079,0.319801,0.001937,0.165474,0.151863,0.319874
16,14,2,0.318104,0.024053,0.318778,0.001853,0.164915,0.151457,0.318898
16,14,2,0.321004,0.025513,0.321678,0.003885,0.165565,0.151720,0.321794
16,14,2,0.328318,0.033270,0.328998,0.003010,0.169064,0.156386,0.329119
16,14,2,0.319079,0.024084,0.319774,0.001630,0.165483,0.152116,0.319848
16,14,2,0.321821,0.028328,0.322484,0.001513,0.167798,0.152596,0.322601
16,14,2,0.333790,0.039317,0.334467,0.000240,0.166268,0.152712,0.334593
16,14,2,0.339593,0.042270,0.340252,0.006850,0.180985,0.151900,0.340374
16,14,2,0.318877,0.024159,0.319553,0.002509,0.165094,0.151420,0.319626
16,14,2,0.319476,0.023890,0.320137,0.002519,0.165206,0.151865,0.320254
16,14,2,0.318921,0.024560,0.319611,0.002150,0.165311,0.151629,0.319730
16,14,2,0.332599,0.038723,0.333258,0.000947,0.164914,0.151593,0.333378
16,14,2,0.320691,0.024868,0.321344,0.002803,0.165656,0.152340,0.321513
16,14,2,0.317951,0.022800,0.318613,0.001874,0.164975,0.151242,0.318729
16,14,2,0.320518,0.026161,0.321168,0.001782,0.166053,0.152757,0.321283
16,14,2,0.319646,0.024122,0.320306,0.002226,0.165590,0.151947,0.320421
16,14,2,0.320325,0.025651,0.320999,0.001879,0.166187,0.152358,0.321115
16,14,2,0.202299,0.016091,0.202963,0.001678,0.105340,0.095520,0.203076
16,14,2,0.319808,0.024430,0.320466,0.002008,0.165689,0.152230,0.320581
16,14,2,0.319111,0.023229,0.319773,0.001317,0.165078,0.151555,0.319890
16,14,2,0.319829,0.024504,0.320512,0.002395,0.165513,0.152061,0.320580
16,14,2,0.319215,0.024553,0.319876,0.001904,0.165434,0.151975,0.319994
16,14,2,0.252716,0.017162,0.253378,0.004006,0.130010,0.118986,0.253452
16,14,2,0.372742,0.040901,0.373403,0.039739,0.180953,0.152130,0.373518
16,14,2,0.331158,0.037058,0.331821,0.000226,0.165837,0.152668,0.331940
16,14,2,0.246672,0.019523,0.247330,0.004443,0.126467,0.115982,0.247447
16,14,2,0.319419,0.025161,0.320079,0.001992,0.165597,0.151901,0.320196
16,14,2,0.320292,0.025072,0.320952,0.002829,0.165738,0.151842,0.321044
16,14,2,0.320640,0.025041,0.321300,0.002664,0.165829,0.152229,0.321369
16,14,2,0.319270,0.024834,0.319932,0.001900,0.165659,0.151832,0.320065
16,14,2,0.322780,0.027018,0.323474,0.002392,0.167125,0.153415,0.323544
16,14,2,0.323738,0.024963,0.324399,0.006206,0.165749,0.151890,0.324470
16,14,2,0.324100,0.028763,0.324780,0.001781,0.167882,0.154594,0.324848
16,14,2,0.321589,0.027270,0.322247,0.002003,0.166658,0.153122,0.322339
16,14,2,0.334761,0.029284,0.335440,0.010370,0.168443,0.156157,0.335511
16,14,2,0.310272,0.025676,0.310938,0.003494,0.160871,0.146051,0.311057
16,14,2,0.322213,0.027258,0.322916,0.002269,0.166773,0.153314,0.322986
16,14,2,0.321802,0.027209,0.322471,0.001254,0.166348,0.154324,0.322543
16,14,2,0.323678,0.026496,0.324339,0.002927,0.167067,0.153860,0.324458
16,14,2,0.337503,0.042989,0.338170,0.000261,0.167926,0.155488,0.338243
16,14,2,0.323228,0.028721,0.323897,0.002639,0.166966,0.153762,0.323970
16,14,2,0.324951,0.028381,0.325616,0.002638,0.167878,0.154626,0.325691
16,14,2,0.321620,0.027394,0.322308,0.001866,0.166600,0.153306,0.322425
16,14,2,0.319622,0.025428,0.320297,0.001774,0.165847,0.152120,0.320416
16,14,2,0.322616,0.027544,0.323279,0.002704,0.166675,0.153340,0.323350
16,14,2,0.321062,0.024799,0.321725,0.002835,0.165809,0.152515,0.321841
16,14,2,0.323622,0.029618,0.324284,0.001674,0.167468,0.154571,0.324354
16,14,2,0.348945,0.026038,0.349602,0.031458,0.165579,0.152031,0.349675
16,14,2,0.321469,0.027407,0.322131,0.001262,0.167685,0.152647,0.322205
16,14,2,0.322231,0.027051,0.322895,0.002508,0.166608,0.153248,0.322966
16,14,2,0.323988,0.029509,0.324688,0.001954,0.167737,0.154496,0.324762
16,14,2,0.322800,0.028284,0.323463,0.002443,0.167547,0.152946,0.323537
16,14,2,0.285364,0.023658,0.286068,0.002555,0.147516,0.135585,0.286142
16,14,2,0.319638,0.025611,0.320319,0.002023,0.165842,0.151887,0.320467
16,14,2,0.319705,0.026198,0.320367,0.001485,0.165158,0.153162,0.320490
16,14,2,0.323650,0.029891,0.324339,0.001204,0.168059,0.154590,0.324412
16,14,2,0.324312,0.025713,0.324985,0.005585,0.165894,0.153024,0.325058
16,14,2,0.330064,0.028159,0.330731,0.009020,0.166932,0.154238,0.330804
16,14,2,0.352976,0.041634,0.353644,0.022414,0.179519,0.151249,0.353762
16,14,2,0.322385,0.028220,0.323043,0.000246,0.167404,0.152303,0.323160
16,14,2,0.321446,0.027501,0.322106,0.001853,0.166631,0.153140,0.322234
16,14,2,0.346200,0.020708,0.346861,0.029627,0.165183,0.151521,0.346933
16,14,2,0.252448,0.022481,0.253106,0.002228,0.130708,0.119763,0.253227
16,14,2,0.348472,0.024510,0.349136,0.030810,0.166237,0.151612,0.349260
16,14,2,0.203596,0.014060,0.204255,0.001632,0.105668,0.096594,0.204380
16,14,2,0.319648,0.024139,0.320325,0.001930,0.165749,0.152139,0.320476
16,14,2,0.236032,0.016389,0.236693,0.002472,0.122122,0.111698,0.236767
16,14,2,0.349289,0.024685,0.349953,0.031341,0.166015,0.152086,0.350077
16,14,2,0.371664,0.039046,0.372325,0.039550,0.180497,0.151785,0.372450
16,14,2,0.323349,0.026526,0.324010,0.002804,0.167206,0.153547,0.324144
16,14,2,0.322364,0.027312,0.323026,0.002436,0.166861,0.153237,0.323147

