2,1,1,1.467290,0.000068,1.468313,0.959006,0.266821,0.242232,1.468434
2,1,1,1.429105,0.000052,1.430100,0.936685,0.258303,0.234847,1.430174
2,1,1,1.427196,0.000064,1.428220,0.932197,0.259953,0.235831,1.428348
2,1,1,1.447611,0.000064,1.448674,0.946377,0.263431,0.238596,1.448796
2,1,1,1.443670,0.000063,1.444724,0.944645,0.262353,0.237481,1.444848
2,1,1,1.442984,0.000052,1.444007,0.944005,0.261816,0.237949,1.444132
2,1,1,1.435228,0.000056,1.436197,0.940305,0.259926,0.235701,1.436316
2,1,1,1.436183,0.000055,1.437152,0.939540,0.260898,0.236447,1.437273
2,1,1,1.447581,0.000054,1.448605,0.946530,0.263229,0.238614,1.448725
2,1,1,1.448823,0.000051,1.449855,0.947824,0.263015,0.238733,1.449984

3,1,2,1.462530,0.000047,1.463072,1.205743,0.135659,0.121287,1.463198
3,1,2,1.466322,0.000053,1.466858,1.208895,0.136024,0.121525,1.466979
3,1,2,1.463875,0.000078,1.464394,1.206603,0.135839,0.121509,1.464516
3,1,2,1.470368,0.000062,1.470902,1.211569,0.136485,0.122418,1.471020
3,1,2,1.488611,0.000064,1.489157,1.226705,0.138256,0.123755,1.489284
3,1,2,1.589945,0.000070,1.590500,1.307715,0.148690,0.133638,1.590628
3,1,2,1.498773,0.000049,1.499308,1.234262,0.139727,0.124874,1.499426
3,1,2,1.474041,0.000067,1.474577,1.213956,0.137487,0.122713,1.474702
3,1,2,1.471432,0.000044,1.471967,1.212969,0.136379,0.122163,1.472089
3,1,2,1.473592,0.000068,1.474150,1.213829,0.137150,0.122730,1.474272

3,2,1,0.888964,0.000450,0.890021,0.370810,0.271753,0.247178,0.890148
3,2,1,0.885785,0.000438,0.886854,0.368102,0.272339,0.246117,0.886977
3,2,1,0.879499,0.000426,0.880527,0.368915,0.267981,0.243353,0.880644
3,2,1,0.880173,0.000434,0.881200,0.369341,0.267987,0.243555,0.881323
3,2,1,0.878201,0.000443,0.879239,0.367075,0.268188,0.243704,0.879361
3,2,1,0.878549,0.000431,0.879575,0.367850,0.267887,0.243549,0.879699
3,2,1,0.879011,0.000438,0.880069,0.366905,0.269052,0.243809,0.880188
3,2,1,0.877546,0.000450,0.878571,0.367422,0.267557,0.243307,0.878692
3,2,1,0.881390,0.000450,0.882468,0.368679,0.269163,0.244318,0.882586
3,2,1,0.883872,0.000458,0.884900,0.370313,0.269531,0.244779,0.885025

4,1,3,1.466085,0.000506,1.466444,1.288647,0.094975,0.082322,1.466565
4,1,3,1.469253,0.000520,1.469613,1.291361,0.095315,0.082425,1.469733
4,1,3,1.469916,0.000525,1.470284,1.292197,0.095286,0.082316,1.470402
4,1,3,1.467508,0.000523,1.467869,1.289809,0.095306,0.082233,1.467992
4,1,3,1.470467,0.000680,1.470826,1.292300,0.095620,0.082374,1.470953
4,1,3,1.469249,0.000225,1.469599,1.291454,0.095164,0.082476,1.469723
4,1,3,1.468210,0.000441,1.468570,1.290717,0.095088,0.082288,1.468694
4,1,3,1.469956,0.000480,1.470318,1.291999,0.095517,0.082352,1.470446
4,1,3,1.471411,0.000452,1.471770,1.293082,0.095498,0.082690,1.471892
4,1,3,1.474938,0.000481,1.475299,1.296411,0.095608,0.082809,1.475427

4,2,2,0.882404,0.000072,0.882947,0.621137,0.137734,0.123592,0.883064
4,2,2,0.884018,0.000057,0.884552,0.621599,0.138161,0.124309,0.884677
4,2,2,0.885851,0.000060,0.886389,0.622912,0.138612,0.124360,0.886513
4,2,2,0.883810,0.000052,0.884345,0.622157,0.137929,0.123793,0.884467
4,2,2,0.883601,0.000054,0.884147,0.621012,0.138196,0.124435,0.884268
4,2,2,0.881840,0.000079,0.882373,0.619802,0.137977,0.124051,0.882496
4,2,2,0.881528,0.000061,0.882066,0.619513,0.138202,0.123896,0.882190
4,2,2,0.882647,0.000086,0.883183,0.620306,0.138225,0.124150,0.883309
4,2,2,0.880978,0.000079,0.881513,0.619406,0.137967,0.123624,0.881632
4,2,2,0.880508,0.000059,0.881045,0.619378,0.137883,0.123323,0.881170

4,3,1,0.707222,0.000818,0.708281,0.189675,0.271334,0.246977,0.708402
4,3,1,0.705423,0.000810,0.706484,0.188170,0.271437,0.246583,0.706606
4,3,1,0.708075,0.000786,0.709140,0.188983,0.272424,0.247431,0.709264
4,3,1,0.708695,0.000807,0.709761,0.188849,0.273283,0.247329,0.709883
4,3,1,0.707040,0.000813,0.708100,0.189057,0.271604,0.247132,0.708219
4,3,1,0.709039,0.000776,0.710067,0.191826,0.271327,0.246627,0.710188
4,3,1,0.706916,0.000798,0.707951,0.188459,0.271768,0.247423,0.708073
4,3,1,0.707182,0.000782,0.708241,0.189582,0.271111,0.247252,0.708359
4,3,1,0.701555,0.000812,0.702619,0.183887,0.272207,0.246210,0.702743
4,3,1,0.705697,0.000806,0.706767,0.188666,0.271008,0.246787,0.706890

5,1,4,1.463575,0.000050,1.463846,1.329657,0.071218,0.062398,1.463973
5,1,4,1.470090,0.000050,1.470362,1.335591,0.071536,0.062644,1.470487
5,1,4,1.462330,0.000080,1.462602,1.328439,0.071296,0.062311,1.462728
5,1,4,1.462772,0.000063,1.463044,1.328843,0.071297,0.062336,1.463160
5,1,4,1.465243,0.000062,1.465516,1.331111,0.071380,0.062441,1.465640
5,1,4,1.466327,0.000083,1.466600,1.332493,0.071123,0.062392,1.466722
5,1,4,1.462987,0.000083,1.463258,1.329058,0.071307,0.062315,1.463384
5,1,4,1.470168,0.000064,1.470490,1.334697,0.072559,0.062727,1.470562
5,1,4,1.472151,0.000060,1.472422,1.336837,0.072162,0.062823,1.472554
5,1,4,1.468611,0.000063,1.468885,1.333900,0.071715,0.062660,1.469002

5,2,3,0.876772,0.001658,0.877134,0.697325,0.095906,0.083387,0.877260
5,2,3,0.875174,0.001358,0.875535,0.695856,0.095605,0.083544,0.875653
5,2,3,0.875724,0.001634,0.876120,0.696037,0.096004,0.083563,0.876244
5,2,3,0.875008,0.001851,0.875368,0.695263,0.096315,0.083279,0.875489
5,2,3,0.874858,0.001901,0.875220,0.695601,0.095744,0.083355,0.875337
5,2,3,0.875696,0.001804,0.876058,0.695853,0.096165,0.083551,0.876180
5,2,3,0.877565,0.001688,0.877930,0.697856,0.095795,0.083773,0.878049
5,2,3,0.875808,0.001540,0.876170,0.696147,0.096109,0.083384,0.876291
5,2,3,0.876217,0.001775,0.876578,0.696719,0.096072,0.083268,0.876698
5,2,3,0.877413,0.001737,0.877775,0.697624,0.096102,0.083520,0.877901

5,3,2,0.706666,0.000060,0.707206,0.441226,0.139692,0.125773,0.707321
5,3,2,0.704169,0.000058,0.704707,0.440925,0.138787,0.124519,0.704830
5,3,2,0.708506,0.000052,0.709113,0.443086,0.139665,0.125282,0.709232
5,3,2,0.715424,0.000067,0.715964,0.445696,0.141914,0.127465,0.716086
5,3,2,0.704222,0.000055,0.704763,0.440750,0.138500,0.124951,0.704882
5,3,2,0.701788,0.000082,0.702330,0.438684,0.138481,0.124654,0.702452
5,3,2,0.705102,0.000078,0.705644,0.441403,0.138905,0.124743,0.705766
5,3,2,0.705887,0.000064,0.706424,0.443687,0.137969,0.124270,0.706542
5,3,2,0.740618,0.014043,0.741158,0.461191,0.153828,0.125645,0.741280
5,3,2,0.704615,0.000077,0.705157,0.440477,0.139089,0.125083,0.705280

5,4,1,0.580345,0.001072,0.581408,0.060275,0.273296,0.247539,0.581559
5,4,1,0.578364,0.001093,0.579424,0.056882,0.273572,0.248668,0.579548
5,4,1,0.579800,0.001111,0.580860,0.057033,0.274732,0.248796,0.580980
5,4,1,0.577108,0.001157,0.578171,0.056704,0.273218,0.247946,0.578289
5,4,1,0.577454,0.001073,0.578525,0.055252,0.273919,0.249033,0.578649
5,4,1,0.579538,0.001060,0.580602,0.056102,0.275425,0.248789,0.580724
5,4,1,0.579923,0.001095,0.580988,0.058094,0.274031,0.248558,0.581106
5,4,1,0.578709,0.001086,0.579770,0.056506,0.274392,0.248573,0.579882
5,4,1,0.575296,0.001123,0.576365,0.053200,0.274362,0.248491,0.576482
5,4,1,0.579388,0.001087,0.580450,0.057417,0.274349,0.248357,0.580568

6,1,5,1.466522,0.000070,1.466743,1.357315,0.058426,0.050319,1.466863
6,1,5,1.477094,0.000067,1.477318,1.366003,0.059324,0.051318,1.477433
6,1,5,1.479008,0.000062,1.479229,1.369049,0.058681,0.050772,1.479346
6,1,5,1.468733,0.000062,1.468954,1.358985,0.058519,0.050738,1.469070
6,1,5,1.463916,0.000064,1.464140,1.354977,0.058167,0.050326,1.464254
6,1,5,1.471570,0.000050,1.471790,1.360192,0.059381,0.051534,1.471911
6,1,5,1.493959,0.000067,1.494200,1.381728,0.060228,0.051571,1.494321
6,1,5,1.499965,0.000068,1.500187,1.387868,0.059824,0.051825,1.500302
6,1,5,1.497051,0.000051,1.497306,1.383152,0.060052,0.053370,1.497424
6,1,5,1.491160,0.000064,1.491402,1.380122,0.059208,0.051414,1.491526

6,2,4,0.885582,0.000217,0.885881,0.748459,0.072713,0.064121,0.885999
6,2,4,0.906299,0.000215,0.906595,0.765535,0.074959,0.065485,0.906713
6,2,4,0.909154,0.000189,0.909459,0.768067,0.074756,0.065968,0.909584
6,2,4,0.872870,0.000223,0.873143,0.735985,0.072784,0.063757,0.873264
6,2,4,0.872295,0.000295,0.872568,0.737155,0.071767,0.063036,0.872690
6,2,4,0.871579,0.000240,0.871853,0.736733,0.071559,0.063013,0.871976
6,2,4,0.868593,0.000103,0.868918,0.734119,0.071527,0.062647,0.869040
6,2,4,0.870370,0.000289,0.870642,0.735865,0.071353,0.062796,0.870760
6,2,4,0.869699,0.000317,0.869972,0.735040,0.071543,0.062780,0.870088
6,2,4,0.888967,0.000227,0.889267,0.751264,0.073058,0.064383,0.889339

6,3,3,0.697386,0.002066,0.697752,0.517353,0.095835,0.084001,0.697875
6,3,3,0.707604,0.002186,0.707970,0.524932,0.097589,0.084885,0.708096
6,3,3,0.701562,0.002031,0.701929,0.521350,0.096234,0.083880,0.702043
6,3,3,0.698814,0.001948,0.699179,0.518812,0.096026,0.083812,0.699296
6,3,3,0.704967,0.002105,0.705332,0.525408,0.096085,0.083319,0.705452
6,3,3,0.696051,0.001877,0.696415,0.514329,0.096627,0.084879,0.696532
6,3,3,0.702641,0.002028,0.703006,0.520457,0.097509,0.084545,0.703123
6,3,3,0.699437,0.002577,0.699803,0.517205,0.096078,0.083829,0.699923
6,3,3,0.703252,0.001997,0.703616,0.520893,0.096800,0.085357,0.703741
6,3,3,0.694977,0.002150,0.695342,0.515667,0.095881,0.083280,0.695462

6,4,2,0.579078,0.011205,0.579618,0.301792,0.138888,0.126449,0.579733
6,4,2,0.571585,0.000272,0.572172,0.308535,0.138095,0.125075,0.572293
6,4,2,0.571623,0.000312,0.572165,0.307370,0.138964,0.125303,0.572288
6,4,2,0.569797,0.000332,0.570386,0.305823,0.138756,0.125295,0.570508
6,4,2,0.575451,0.000298,0.576057,0.311787,0.138500,0.125283,0.576180
6,4,2,0.569118,0.000296,0.569658,0.305193,0.138765,0.125175,0.569777
6,4,2,0.570248,0.000310,0.570787,0.306854,0.138372,0.125018,0.570907
6,4,2,0.574406,0.000302,0.574948,0.310205,0.138610,0.125590,0.575069
6,4,2,0.569191,0.000267,0.569731,0.306033,0.138266,0.124851,0.569851
6,4,2,0.572972,0.000289,0.573515,0.309661,0.138588,0.124793,0.573637

6,5,1,0.609450,0.001016,0.610515,0.085463,0.276049,0.248719,0.610635
6,5,1,0.609070,0.001032,0.610249,0.086194,0.275318,0.248443,0.610369
6,5,1,0.605789,0.001037,0.606866,0.084111,0.274102,0.248345,0.606985
6,5,1,0.605977,0.001033,0.607045,0.083918,0.274543,0.248294,0.607169
6,5,1,0.610218,0.001116,0.611294,0.085941,0.276697,0.248337,0.611416
6,5,1,0.609877,0.002912,0.611002,0.085492,0.275603,0.249633,0.611124
6,5,1,0.604892,0.001021,0.605967,0.084264,0.273852,0.247567,0.606087
6,5,1,0.609437,0.001089,0.610506,0.084315,0.276485,0.249408,0.610632
6,5,1,0.610105,0.001118,0.611178,0.086388,0.275795,0.248694,0.611311
6,5,1,0.609420,0.001099,0.610490,0.082771,0.277468,0.249938,0.610615

7,1,6,1.557695,0.000049,1.557884,1.459909,0.051892,0.045236,1.558005
7,1,6,1.516398,0.000051,1.516584,1.419909,0.051731,0.044179,1.516716
7,1,6,1.516713,0.000061,1.516917,1.420499,0.051537,0.044068,1.516985
7,1,6,1.556849,0.000067,1.557074,1.458417,0.052296,0.045559,1.557195
7,1,6,1.535273,0.000062,1.535462,1.438143,0.051661,0.044828,1.535578
7,1,6,1.516587,0.000064,1.516773,1.420678,0.051058,0.044218,1.516895
7,1,6,1.515468,0.000062,1.515671,1.418972,0.051696,0.044176,1.515801
7,1,6,1.502510,0.000047,1.502697,1.407926,0.050385,0.043602,1.502817
7,1,6,1.503563,0.000052,1.503750,1.408933,0.050362,0.043707,1.503824
7,1,6,1.497683,0.000059,1.497887,1.401023,0.051480,0.044552,1.498000

7,2,5,0.888605,0.000170,0.888827,0.777496,0.059057,0.051589,0.888894
7,2,5,0.891203,0.000128,0.891444,0.779544,0.059342,0.051834,0.891565
7,2,5,0.887443,0.000093,0.887665,0.774401,0.060149,0.052412,0.887784
7,2,5,0.923120,0.000236,0.923343,0.806146,0.062387,0.054081,0.923465
7,2,5,0.885348,0.000123,0.885569,0.774412,0.058975,0.051545,0.885644
7,2,5,0.875915,0.000163,0.876136,0.766165,0.058479,0.050779,0.876258
7,2,5,0.907573,0.000140,0.907814,0.792139,0.062110,0.052868,0.907934
7,2,5,0.885053,0.000250,0.885294,0.773771,0.059114,0.051692,0.885420
7,2,5,0.875173,0.000146,0.875416,0.765065,0.058722,0.050884,0.875535
7,2,5,0.880599,0.000189,0.880820,0.770035,0.058656,0.051358,0.880945

7,3,4,0.732561,0.000762,0.732840,0.588059,0.076189,0.067976,0.732967
7,3,4,0.722613,0.000632,0.722916,0.579696,0.075675,0.066900,0.723047
7,3,4,0.724034,0.000619,0.724335,0.583019,0.074829,0.065837,0.724456
7,3,4,0.702083,0.000559,0.702362,0.565478,0.072601,0.063676,0.702489
7,3,4,0.706948,0.000658,0.707241,0.569486,0.072955,0.064184,0.707313
7,3,4,0.695289,0.000662,0.695591,0.558822,0.072226,0.063891,0.695718
7,3,4,0.727720,0.000758,0.728024,0.585499,0.075592,0.066330,0.728093
7,3,4,0.724224,0.000650,0.724501,0.583179,0.074718,0.065950,0.724620
7,3,4,0.722990,0.000543,0.723267,0.582009,0.074659,0.065971,0.723384
7,3,4,0.735088,0.000532,0.735390,0.591999,0.075735,0.066990,0.735508

7,4,3,0.593085,0.002461,0.593482,0.401060,0.102322,0.089520,0.593597
7,4,3,0.583204,0.002199,0.583601,0.396883,0.098883,0.087289,0.583728
7,4,3,0.593550,0.004816,0.593948,0.397477,0.102016,0.090101,0.594088
7,4,3,0.592332,0.002350,0.592700,0.402040,0.101423,0.088665,0.592816
7,4,3,0.583428,0.002342,0.583792,0.396864,0.099349,0.086997,0.583916
7,4,3,0.595356,0.002199,0.595769,0.405074,0.101091,0.089073,0.595888
7,4,3,0.581729,0.002283,0.582094,0.385493,0.103195,0.092835,0.582213
7,4,3,0.581712,0.005501,0.582077,0.398959,0.097109,0.085443,0.582193
7,4,3,0.579248,0.002216,0.579613,0.393158,0.098342,0.086805,0.579733
7,4,3,0.576594,0.002312,0.576991,0.392053,0.098171,0.086203,0.577113

7,5,2,0.616595,0.000240,0.617137,0.341673,0.144091,0.130801,0.617258
7,5,2,0.610997,0.000222,0.611538,0.337777,0.143382,0.129882,0.611660
7,5,2,0.617562,0.000283,0.618101,0.342426,0.142911,0.129926,0.618224
7,5,2,0.622880,0.000200,0.623490,0.345322,0.145853,0.131755,0.623611
7,5,2,0.618179,0.000190,0.618770,0.342107,0.144138,0.130793,0.618890
7,5,2,0.623808,0.000199,0.624427,0.344146,0.145891,0.133779,0.624547
7,5,2,0.617533,0.000378,0.618125,0.339702,0.145416,0.131310,0.618244
7,5,2,0.621991,0.000175,0.622585,0.345657,0.145035,0.131398,0.622707
7,5,2,0.626457,0.000200,0.626997,0.346808,0.146917,0.132750,0.627115
7,5,2,0.628684,0.000207,0.629284,0.350085,0.146548,0.132099,0.629401

7,6,1,0.599091,0.001079,0.600276,0.054541,0.286787,0.258693,0.600394
7,6,1,0.589206,0.001143,0.590274,0.055515,0.281222,0.253247,0.590393
7,6,1,0.607034,0.001104,0.608102,0.052298,0.292211,0.263281,0.608226
7,6,1,0.605778,0.001154,0.606959,0.057675,0.288703,0.260276,0.607085
7,6,1,0.619291,0.001204,0.620469,0.049218,0.300322,0.270632,0.620585
7,6,1,0.609391,0.001240,0.610580,0.057467,0.290942,0.261867,0.610651
7,6,1,0.604589,0.001237,0.605777,0.060023,0.286851,0.258587,0.605902
7,6,1,0.605341,0.001195,0.606410,0.052286,0.291135,0.262662,0.606532
7,6,1,0.602685,0.001180,0.603869,0.049625,0.291564,0.262382,0.603991
7,6,1,0.610468,0.001094,0.611655,0.049410,0.295585,0.266370,0.611775

8,1,7,1.583744,0.000076,1.583921,1.496602,0.046043,0.040347,1.584043
8,1,7,1.582297,0.000074,1.582475,1.494326,0.046992,0.040232,1.582604
8,1,7,1.580645,0.000069,1.580823,1.493251,0.045749,0.040921,1.580891
8,1,7,1.579599,0.000077,1.579777,1.492184,0.046553,0.040093,1.579931
8,1,7,1.571632,0.000064,1.571808,1.485114,0.045593,0.040148,1.571932
8,1,7,1.576552,0.000072,1.576731,1.489966,0.045750,0.040065,1.576855
8,1,7,1.567374,0.000061,1.567554,1.481163,0.045397,0.040005,1.567673
8,1,7,1.574964,0.000080,1.575126,1.488430,0.045720,0.040000,1.575252
8,1,7,1.575021,0.000076,1.575185,1.488570,0.045669,0.040053,1.575306
8,1,7,1.574733,0.000084,1.574918,1.488013,0.045698,0.040290,1.574986

8,2,6,0.930788,0.000124,0.930993,0.831062,0.053241,0.045837,0.931114
8,2,6,0.934852,0.000120,0.935056,0.835091,0.052904,0.046178,0.935173
8,2,6,0.930965,0.000147,0.931168,0.830999,0.053170,0.046159,0.931287
8,2,6,0.930442,0.000075,0.930659,0.831475,0.052328,0.045994,0.930786
8,2,6,0.947349,0.000120,0.947554,0.846389,0.053552,0.046783,0.947676
8,2,6,0.938963,0.001386,0.939167,0.834854,0.053602,0.046336,0.939247
8,2,6,0.942135,0.000084,0.942342,0.841599,0.053222,0.046647,0.942461
8,2,6,0.936938,0.000148,0.937141,0.836944,0.052988,0.046348,0.937263
8,2,6,0.930838,0.000165,0.931026,0.830677,0.053015,0.046476,0.931101
8,2,6,0.928288,0.000052,0.928476,0.829286,0.052365,0.045935,0.928601

8,3,5,0.746387,0.000627,0.746634,0.628097,0.062946,0.054870,0.746751
8,3,5,0.743169,0.000664,0.743421,0.625040,0.062791,0.054842,0.743538
8,3,5,0.737431,0.000573,0.737654,0.620997,0.061779,0.054183,0.737727
8,3,5,0.740821,0.000586,0.741068,0.623682,0.062245,0.054395,0.741199
8,3,5,0.742442,0.000622,0.742686,0.623989,0.062958,0.055012,0.742804
8,3,5,0.742468,0.000547,0.742732,0.624855,0.062453,0.054691,0.742850
8,3,5,0.741861,0.000561,0.742140,0.624164,0.062515,0.054696,0.742260
8,3,5,0.744248,0.000549,0.744493,0.626549,0.062435,0.054757,0.744612
8,3,5,0.745409,0.000488,0.745653,0.625656,0.063485,0.055789,0.745773
8,3,5,0.744084,0.000571,0.744328,0.624551,0.062962,0.056088,0.744447

8,4,4,0.609470,0.012687,0.609769,0.452607,0.076041,0.067296,0.609887
8,4,4,0.594712,0.000977,0.595047,0.450525,0.076418,0.067400,0.595171
8,4,4,0.604139,0.000893,0.604441,0.458138,0.077219,0.068425,0.604561
8,4,4,0.608896,0.000912,0.609198,0.460052,0.078012,0.069087,0.609321
8,4,4,0.602896,0.001080,0.603204,0.456517,0.077465,0.068531,0.603323
8,4,4,0.598818,0.000966,0.599122,0.454112,0.076700,0.067682,0.599256
8,4,4,0.592203,0.000940,0.592479,0.449774,0.075444,0.066579,0.592593
8,4,4,0.600520,0.000953,0.600823,0.455440,0.076770,0.067910,0.600948
8,4,4,0.617982,0.000958,0.618286,0.470933,0.078108,0.068558,0.618405
8,4,4,0.603702,0.000974,0.604005,0.458431,0.076882,0.068033,0.604128

8,5,3,0.639051,0.002445,0.639459,0.443153,0.104137,0.091574,0.639577
8,5,3,0.634888,0.002269,0.635290,0.439231,0.103812,0.091687,0.635407
8,5,3,0.636504,0.002308,0.636906,0.440513,0.104051,0.091745,0.637025
8,5,3,0.636247,0.002424,0.636646,0.440226,0.103805,0.091913,0.636766
8,5,3,0.640084,0.001974,0.640488,0.443519,0.104214,0.092180,0.640607
8,5,3,0.654485,0.016512,0.654886,0.443358,0.104038,0.091446,0.654956
8,5,3,0.636021,0.002131,0.636425,0.440691,0.103531,0.091620,0.636549
8,5,3,0.638887,0.002297,0.639289,0.442399,0.104003,0.092151,0.639407
8,5,3,0.637288,0.002436,0.637688,0.441231,0.104325,0.091584,0.637807
8,5,3,0.638434,0.002415,0.638833,0.441934,0.103971,0.092163,0.638960

8,6,2,0.614949,0.000307,0.615544,0.325943,0.151331,0.137703,0.615659
8,6,2,0.612968,0.000282,0.613563,0.325224,0.150849,0.137001,0.613680
8,6,2,0.597732,0.000245,0.598332,0.316423,0.147301,0.134045,0.598453
8,6,2,0.614088,0.001741,0.614681,0.322082,0.152048,0.137177,0.614799
8,6,2,0.611402,0.000309,0.611993,0.323008,0.151303,0.137182,0.612119
8,6,2,0.604616,0.000303,0.605208,0.319966,0.149086,0.135575,0.605334
8,6,2,0.610354,0.001818,0.611004,0.320883,0.150342,0.136365,0.611127
8,6,2,0.597008,0.000235,0.597549,0.317769,0.146519,0.132748,0.597667
8,6,2,0.605471,0.000293,0.606014,0.319797,0.149952,0.135744,0.606135
8,6,2,0.609873,0.000304,0.610470,0.322125,0.150899,0.136896,0.610589

8,7,1,0.560181,0.103867,0.561359,0.001560,0.294969,0.264485,0.561478
8,7,1,0.573163,0.105108,0.574340,0.001660,0.300925,0.271415,0.574458
8,7,1,0.575507,0.107359,0.576683,0.003150,0.301197,0.271991,0.576799
8,7,1,0.573166,0.106938,0.574343,0.001588,0.301047,0.271322,0.574463
8,7,1,0.573105,0.104666,0.574282,0.001792,0.300550,0.271598,0.574405
8,7,1,0.548633,0.097994,0.549743,0.001584,0.287909,0.259936,0.549865
8,7,1,0.560745,0.103021,0.561841,0.001622,0.294545,0.265333,0.561965
8,7,1,0.571594,0.105315,0.572707,0.001603,0.300354,0.270386,0.572826
8,7,1,0.572418,0.106795,0.573591,0.001661,0.300682,0.270922,0.573709
8,7,1,0.573164,0.105428,0.574344,0.003117,0.300273,0.270655,0.574463

9,1,8,1.588288,0.000054,1.588446,1.511255,0.040370,0.035729,1.588565
9,1,8,1.579702,0.000086,1.579858,1.502889,0.040206,0.035717,1.579985
9,1,8,1.578703,0.000079,1.578860,1.501837,0.040348,0.035699,1.578933
9,1,8,1.582133,0.000069,1.582291,1.504660,0.040531,0.036062,1.582413
9,1,8,1.578486,0.000052,1.578644,1.500969,0.040936,0.035684,1.578762
9,1,8,1.580755,0.000070,1.580914,1.503577,0.040613,0.035655,1.581039
9,1,8,1.581111,0.000073,1.581272,1.504110,0.040268,0.035818,1.581397
9,1,8,1.580798,0.000072,1.580958,1.503426,0.040719,0.035723,1.581080
9,1,8,1.587903,0.000068,1.588061,1.510119,0.040752,0.036096,1.588176
9,1,8,1.594769,0.000066,1.594926,1.516052,0.041688,0.036116,1.595042

9,2,7,0.942310,0.000094,0.942487,0.854829,0.046132,0.040534,0.942613
9,2,7,0.936246,0.000056,0.936423,0.849326,0.045948,0.040211,0.936498
9,2,7,0.941309,0.000065,0.941487,0.853296,0.046811,0.040420,0.941606
9,2,7,0.944257,0.000064,0.944460,0.856504,0.046289,0.040676,0.944580
9,2,7,0.942696,0.000067,0.942873,0.855118,0.046260,0.040545,0.942990
9,2,7,0.942540,0.000056,0.942721,0.854605,0.046678,0.040443,0.942797
9,2,7,0.942864,0.000068,0.943042,0.854661,0.046463,0.040957,0.943163
9,2,7,0.938900,0.000093,0.939077,0.851890,0.045764,0.040423,0.939197
9,2,7,0.937739,0.000076,0.937917,0.850751,0.045867,0.040277,0.938043
9,2,7,0.942857,0.000046,0.943046,0.855250,0.046227,0.040624,0.943181

9,3,6,0.754767,0.000521,0.754973,0.654278,0.053236,0.046645,0.755097
9,3,6,0.747270,0.000566,0.747477,0.647117,0.053028,0.046467,0.747598
9,3,6,0.749149,0.000561,0.749359,0.648592,0.053239,0.046688,0.749433
9,3,6,0.751575,0.000495,0.751783,0.650747,0.053426,0.046721,0.751915
9,3,6,0.748434,0.000491,0.748641,0.648012,0.053115,0.046637,0.748762
9,3,6,0.749300,0.000566,0.749510,0.647445,0.054501,0.046710,0.749631
9,3,6,0.748635,0.000464,0.748843,0.647193,0.053526,0.047252,0.748960
9,3,6,0.751762,0.000497,0.751972,0.650298,0.053381,0.047397,0.752099
9,3,6,0.745278,0.000590,0.745508,0.645165,0.052968,0.046524,0.745622
9,3,6,0.751101,0.000521,0.751308,0.651075,0.052879,0.046470,0.751426

9,4,5,0.607339,0.000795,0.607587,0.488999,0.062671,0.055181,0.607705
9,4,5,0.612419,0.000857,0.612664,0.491246,0.064627,0.055924,0.612788
9,4,5,0.606475,0.000854,0.606720,0.487866,0.062825,0.055298,0.606838
9,4,5,0.608354,0.000846,0.608605,0.490304,0.062512,0.055013,0.608727
9,4,5,0.604028,0.000831,0.604274,0.485705,0.062658,0.055192,0.604397
9,4,5,0.607014,0.000864,0.607261,0.487588,0.063704,0.055257,0.607380
9,4,5,0.605966,0.001030,0.606235,0.487079,0.063062,0.055332,0.606355
9,4,5,0.604289,0.000836,0.604534,0.483876,0.063507,0.056421,0.604656
9,4,5,0.603723,0.000931,0.603968,0.485451,0.062648,0.055159,0.604042
9,4,5,0.605054,0.000823,0.605306,0.486443,0.062904,0.055247,0.605429

9,5,4,0.635332,0.000838,0.635636,0.487962,0.077852,0.069193,0.635708
9,5,4,0.634334,0.000892,0.634637,0.487263,0.077457,0.068549,0.634763
9,5,4,0.637483,0.000778,0.637786,0.490659,0.077548,0.068749,0.637906
9,5,4,0.638305,0.000975,0.638609,0.489796,0.078203,0.069167,0.638728
9,5,4,0.633528,0.000910,0.633831,0.487068,0.077260,0.068708,0.633951
9,5,4,0.637329,0.000942,0.637634,0.489942,0.078038,0.068991,0.637705
9,5,4,0.633114,0.000826,0.633416,0.485850,0.078317,0.068473,0.633532
9,5,4,0.637182,0.000942,0.637487,0.490582,0.077671,0.068567,0.637610
9,5,4,0.633984,0.000916,0.634290,0.487547,0.077620,0.068381,0.634402
9,5,4,0.634442,0.000822,0.634747,0.484353,0.079487,0.070235,0.634867

9,6,3,0.610346,0.003167,0.610747,0.409198,0.106254,0.092510,0.610861
9,6,3,0.609438,0.002452,0.609839,0.412258,0.104435,0.092555,0.609966
9,6,3,0.608136,0.002243,0.608538,0.411450,0.103854,0.092642,0.608663
9,6,3,0.606904,0.002252,0.607307,0.411453,0.104010,0.091275,0.607428
9,6,3,0.607955,0.002051,0.608357,0.411077,0.103275,0.091830,0.608482
9,6,3,0.605192,0.002376,0.605593,0.409384,0.103573,0.091960,0.605716
9,6,3,0.606136,0.002348,0.606539,0.410690,0.103872,0.091422,0.606661
9,6,3,0.606276,0.002392,0.606677,0.410301,0.104056,0.091743,0.606797
9,6,3,0.602949,0.001651,0.603348,0.408051,0.103194,0.091423,0.603470
9,6,3,0.605905,0.002247,0.606308,0.410118,0.103596,0.091953,0.606431

9,7,2,0.464493,0.000666,0.465088,0.176628,0.150440,0.137501,0.465185
9,7,2,0.461431,0.000607,0.462022,0.173719,0.150233,0.137514,0.462139
9,7,2,0.467229,0.000630,0.467822,0.179786,0.150339,0.137143,0.467944
9,7,2,0.462218,0.000597,0.462812,0.174874,0.150345,0.137078,0.462939
9,7,2,0.461630,0.000624,0.462220,0.173829,0.150954,0.136883,0.462336
9,7,2,0.461644,0.000604,0.462241,0.174596,0.150157,0.136986,0.462366
9,7,2,0.463847,0.000566,0.464449,0.176404,0.150198,0.137272,0.464568
9,7,2,0.462984,0.000603,0.463586,0.175216,0.150713,0.137052,0.463710
9,7,2,0.461374,0.000604,0.461970,0.174125,0.150353,0.136906,0.462092
9,7,2,0.463803,0.000578,0.464396,0.175891,0.150609,0.137331,0.464523

9,8,1,0.582552,0.108873,0.583743,0.001647,0.306354,0.275415,0.583863
9,8,1,0.609768,0.115311,0.610973,0.001728,0.320713,0.288184,0.611077
9,8,1,0.573383,0.103747,0.574565,0.002669,0.300602,0.270943,0.574683
9,8,1,0.573234,0.105597,0.574407,0.001682,0.300817,0.271569,0.574524
9,8,1,0.571481,0.103596,0.572665,0.001640,0.300100,0.270594,0.572779
9,8,1,0.572674,0.104844,0.573982,0.001644,0.301141,0.270846,0.574105
9,8,1,0.573114,0.102835,0.574292,0.001706,0.301335,0.270902,0.574413
9,8,1,0.573122,0.105097,0.574284,0.001625,0.301224,0.271099,0.574407
9,8,1,0.574489,0.104204,0.575661,0.001657,0.301987,0.271711,0.575778
9,8,1,0.573027,0.102043,0.574201,0.001672,0.301032,0.271175,0.574325

10,1,9,1.584810,0.000070,1.584954,1.515031,0.036367,0.032402,1.585076
10,1,9,1.574511,0.000062,1.574653,1.504622,0.036527,0.032312,1.574783
10,1,9,1.582132,0.000078,1.582277,1.512369,0.036413,0.032336,1.582395
10,1,9,1.581573,0.000055,1.581718,1.509381,0.037832,0.033366,1.581844
10,1,9,1.587413,0.000070,1.587555,1.517022,0.036973,0.032381,1.587671
10,1,9,1.584064,0.000062,1.584208,1.514089,0.036545,0.032487,1.584332
10,1,9,1.580084,0.000056,1.580228,1.510370,0.036314,0.032352,1.580351
10,1,9,1.585727,0.000057,1.585870,1.515586,0.036567,0.032543,1.585996
10,1,9,1.588371,0.000088,1.588513,1.518219,0.036601,0.032499,1.588632
10,1,9,1.581849,0.000063,1.581992,1.511586,0.036630,0.032557,1.582115

10,2,8,0.942767,0.000052,0.942924,0.865382,0.040442,0.035987,0.943043
10,2,8,0.942321,0.000070,0.942478,0.864767,0.040626,0.035994,0.942604
10,2,8,0.944348,0.000056,0.944505,0.866921,0.040498,0.036006,0.944621
10,2,8,0.940449,0.000071,0.940607,0.863301,0.040393,0.035813,0.940728
10,2,8,0.944049,0.000077,0.944206,0.866486,0.040733,0.035887,0.944321
10,2,8,0.975104,0.000061,0.975262,0.895002,0.041802,0.037318,0.975388
10,2,8,0.950799,0.000070,0.950957,0.872164,0.041528,0.036260,0.951029
10,2,8,0.942794,0.000062,0.942984,0.864156,0.041255,0.036495,0.943105
10,2,8,0.943476,0.000057,0.943633,0.865956,0.040492,0.036074,0.943754
10,2,8,0.941537,0.000055,0.941695,0.864014,0.040657,0.036010,0.941772

10,3,7,0.748010,0.000282,0.748191,0.661121,0.045722,0.040378,0.748315
10,3,7,0.746832,0.000274,0.747013,0.659934,0.045717,0.040361,0.747131
10,3,7,0.750201,0.000318,0.750383,0.663237,0.045758,0.040430,0.750497
10,3,7,0.749294,0.000340,0.749475,0.662180,0.045979,0.040344,0.749594
10,3,7,0.749097,0.000357,0.749278,0.662063,0.045881,0.040382,0.749389
10,3,7,0.748631,0.000307,0.748811,0.658698,0.048785,0.040313,0.748933
10,3,7,0.760124,0.000320,0.760323,0.671595,0.046598,0.041140,0.760438
10,3,7,0.749110,0.000384,0.749291,0.660469,0.046657,0.041195,0.749360
10,3,7,0.746150,0.000318,0.746332,0.659014,0.046080,0.040256,0.746448
10,3,7,0.745599,0.000308,0.745779,0.657242,0.047215,0.040315,0.745901

10,4,6,0.605352,0.000823,0.605560,0.505297,0.052899,0.046495,0.605678
10,4,6,0.606109,0.000772,0.606341,0.506342,0.052636,0.046464,0.606456
10,4,6,0.616263,0.000783,0.616473,0.514513,0.053826,0.047302,0.616591
10,4,6,0.606029,0.000818,0.606239,0.506488,0.052539,0.046307,0.606407
10,4,6,0.602008,0.000818,0.602215,0.502354,0.052652,0.046298,0.602331
10,4,6,0.603464,0.000827,0.603672,0.503846,0.052555,0.046351,0.603787
10,4,6,0.604805,0.000827,0.605012,0.502773,0.054045,0.047275,0.605136
10,4,6,0.607386,0.000897,0.607597,0.505076,0.054349,0.047334,0.607716
10,4,6,0.604849,0.000905,0.605056,0.504951,0.052689,0.046525,0.605174
10,4,6,0.608421,0.000792,0.608631,0.508111,0.052943,0.046655,0.608748

10,5,5,0.640654,0.000831,0.640901,0.521821,0.062859,0.055475,0.641019
10,5,5,0.634275,0.000733,0.634521,0.515410,0.062933,0.055380,0.634635
10,5,5,0.635572,0.000858,0.635819,0.517124,0.062803,0.055185,0.635938
10,5,5,0.633251,0.000849,0.633498,0.515064,0.062510,0.055061,0.633568
10,5,5,0.634744,0.000775,0.634990,0.516061,0.062793,0.055373,0.635107
10,5,5,0.638696,0.000775,0.638945,0.519791,0.062922,0.055399,0.639072
10,5,5,0.693088,0.000888,0.693361,0.563346,0.068512,0.060731,0.693480
10,5,5,0.660315,0.000747,0.660560,0.535918,0.064535,0.056900,0.660676
10,5,5,0.648285,0.000758,0.648558,0.527458,0.064038,0.056293,0.648679
10,5,5,0.650508,0.000809,0.650781,0.528082,0.064867,0.057054,0.650898

10,6,4,0.608785,0.000956,0.609089,0.460714,0.078153,0.069528,0.609208
10,6,4,0.623950,0.000901,0.624258,0.471369,0.080503,0.071540,0.624328
10,6,4,0.603234,0.000813,0.603542,0.456065,0.078130,0.068703,0.603661
10,6,4,0.605147,0.000829,0.605454,0.457763,0.077691,0.069312,0.605575
10,6,4,0.606206,0.000955,0.606511,0.457990,0.077710,0.068633,0.606632
10,6,4,0.604100,0.000906,0.604407,0.457126,0.077632,0.068960,0.604527
10,6,4,0.608061,0.000816,0.608416,0.460968,0.077944,0.068853,0.608485
10,6,4,0.606570,0.001529,0.606906,0.456674,0.078315,0.069188,0.607025
10,6,4,0.603191,0.000886,0.603498,0.456909,0.077451,0.068460,0.603612
10,6,4,0.602806,0.000873,0.603110,0.453379,0.078409,0.069337,0.603236

10,7,3,0.471431,0.002864,0.471838,0.270473,0.106409,0.094391,0.471959
10,7,3,0.459458,0.002690,0.459861,0.263468,0.103667,0.091706,0.459988
10,7,3,0.479221,0.002117,0.479674,0.274115,0.108540,0.096277,0.479792
10,7,3,0.460611,0.002801,0.461020,0.264871,0.103570,0.091850,0.461141
10,7,3,0.459423,0.002929,0.459827,0.263841,0.103191,0.092234,0.459941
10,7,3,0.461122,0.002849,0.461523,0.265170,0.103726,0.091981,0.461641
10,7,3,0.460109,0.002719,0.460511,0.264380,0.103626,0.091781,0.460577
10,7,3,0.461112,0.002863,0.461515,0.264457,0.104094,0.092350,0.461585
10,7,3,0.460733,0.004293,0.461134,0.260890,0.104489,0.092650,0.461256
10,7,3,0.458861,0.002771,0.459305,0.263520,0.103375,0.091767,0.459420

10,8,2,0.460999,0.000675,0.461592,0.173070,0.150739,0.137245,0.461711
10,8,2,0.461785,0.000582,0.462381,0.174152,0.150265,0.137392,0.462499
10,8,2,0.463279,0.000609,0.463873,0.175796,0.150552,0.136939,0.463993
10,8,2,0.464237,0.000610,0.464838,0.176309,0.150570,0.137437,0.464963
10,8,2,0.461986,0.000593,0.462581,0.173825,0.151179,0.137033,0.462696
10,8,2,0.464388,0.001234,0.464979,0.175077,0.152163,0.137175,0.465107
10,8,2,0.467323,0.000571,0.467918,0.177454,0.151778,0.138114,0.468036
10,8,2,0.466478,0.001566,0.467083,0.175757,0.152756,0.138006,0.467198
10,8,2,0.465791,0.000594,0.466384,0.176562,0.151232,0.138036,0.466515
10,8,2,0.461699,0.000645,0.462294,0.173679,0.150497,0.137533,0.462413

10,9,1,0.572089,0.127335,0.573258,0.001703,0.300706,0.270529,0.573374
10,9,1,0.572457,0.125900,0.573650,0.001635,0.300430,0.271245,0.573770
10,9,1,0.573658,0.126772,0.574833,0.002655,0.300931,0.270889,0.574950
10,9,1,0.574082,0.127545,0.575258,0.002380,0.301260,0.271270,0.575377
10,9,1,0.582881,0.130994,0.584066,0.001706,0.306046,0.275959,0.584191
10,9,1,0.463706,0.101991,0.464888,0.002562,0.243364,0.218664,0.465011
10,9,1,0.572968,0.127320,0.574150,0.001729,0.301082,0.270988,0.574268
10,9,1,0.575678,0.127266,0.576874,0.003173,0.302336,0.270986,0.576998
10,9,1,0.576786,0.128156,0.578076,0.002321,0.303204,0.272205,0.578195
10,9,1,0.579706,0.128228,0.580889,0.001699,0.304666,0.274204,0.581010

11,1,10,1.702044,0.000075,1.702187,1.632306,0.036097,0.032428,1.702314
11,1,10,1.594843,0.000080,1.594976,1.529768,0.033847,0.030028,1.595095
11,1,10,1.628889,0.000073,1.629023,1.558713,0.036125,0.032816,1.629144
11,1,10,1.676933,0.000083,1.677076,1.608465,0.035374,0.031880,1.677200
11,1,10,1.638833,0.000058,1.638966,1.571769,0.034497,0.031454,1.639044
11,1,10,1.652790,0.000069,1.652922,1.584565,0.034908,0.032121,1.653041
11,1,10,1.637536,0.000059,1.637680,1.564334,0.037540,0.034499,1.637754
11,1,10,1.667720,0.000066,1.667852,1.598237,0.036677,0.031555,1.667977
11,1,10,1.588259,0.000062,1.588391,1.523575,0.033422,0.030053,1.588514
11,1,10,1.649101,0.000068,1.649233,1.582237,0.034588,0.031099,1.649356

11,2,9,0.982376,0.000054,0.982533,0.909108,0.038157,0.034081,0.982654
11,2,9,0.949880,0.000173,0.950036,0.877532,0.038318,0.032934,0.950107
11,2,9,0.940260,0.000127,0.940407,0.868956,0.037297,0.032926,0.940527
11,2,9,0.964756,0.000130,0.964898,0.892575,0.037669,0.033430,0.965022
11,2,9,0.958651,0.000120,0.958805,0.884063,0.040270,0.033291,0.958882
11,2,9,0.965738,0.000081,0.965893,0.893868,0.037411,0.033367,0.966016
11,2,9,0.986818,0.000068,0.986961,0.913331,0.038276,0.034093,0.987079
11,2,9,0.982743,0.000118,0.982900,0.909150,0.038373,0.034144,0.983003
11,2,9,0.950445,0.000104,0.950586,0.879352,0.037025,0.032993,0.950737
11,2,9,1.014245,0.000055,1.014401,0.936250,0.041840,0.035088,1.014474

11,3,8,0.775435,0.000234,0.775612,0.694781,0.042232,0.037547,0.775676
11,3,8,0.783684,0.000285,0.783845,0.700153,0.044886,0.037759,0.783919
11,3,8,0.781216,0.000310,0.781376,0.699944,0.042825,0.037496,0.781499
11,3,8,0.808311,0.000273,0.808472,0.724493,0.043700,0.039118,0.808593
11,3,8,0.790799,0.000266,0.790958,0.708282,0.043333,0.038167,0.791089
11,3,8,0.813216,0.000337,0.813393,0.728747,0.044196,0.039312,0.813514
11,3,8,0.793502,0.000210,0.793663,0.711390,0.042897,0.038224,0.793784
11,3,8,0.806315,0.000219,0.806476,0.722942,0.043536,0.038832,0.806594
11,3,8,0.798081,0.000234,0.798243,0.715351,0.043199,0.038548,0.798367
11,3,8,0.783234,0.000281,0.783395,0.700514,0.043949,0.037811,0.783518

11,4,7,0.633844,0.000643,0.634043,0.541639,0.048355,0.043017,0.634158
11,4,7,0.645100,0.000657,0.645298,0.552490,0.048590,0.043290,0.645416
11,4,7,0.631757,0.000685,0.631955,0.540434,0.047835,0.042642,0.632078
11,4,7,0.639882,0.000598,0.640065,0.548163,0.048009,0.042636,0.640189
11,4,7,0.635675,0.000824,0.635857,0.541824,0.048841,0.042644,0.635980
11,4,7,0.656817,0.000710,0.657016,0.562043,0.049728,0.044205,0.657139
11,4,7,0.635866,0.000723,0.636086,0.542256,0.048893,0.043916,0.636234
11,4,7,0.645499,0.000690,0.645697,0.552700,0.048778,0.043190,0.645824
11,4,7,0.617227,0.000681,0.617409,0.528921,0.046480,0.041088,0.617486
11,4,7,0.606904,0.000706,0.607085,0.519552,0.045968,0.040580,0.607211

11,5,6,0.638309,0.000745,0.638521,0.537444,0.053328,0.046748,0.638650
11,5,6,0.670136,0.000772,0.670347,0.562612,0.056600,0.050101,0.670475
11,5,6,0.679438,0.000902,0.679671,0.571013,0.057666,0.050168,0.679743
11,5,6,0.636087,0.000728,0.636297,0.535443,0.053232,0.046732,0.636414
11,5,6,0.633049,0.000749,0.633258,0.531039,0.054635,0.046571,0.633378
11,5,6,0.639157,0.000766,0.639366,0.537827,0.053444,0.047185,0.639491
11,5,6,0.638897,0.000757,0.639104,0.536632,0.054355,0.047114,0.639171
11,5,6,0.663764,0.000746,0.663975,0.558014,0.055941,0.049156,0.664097
11,5,6,0.638960,0.000779,0.639192,0.537906,0.053445,0.046850,0.639273
11,5,6,0.639377,0.000801,0.639588,0.538311,0.053626,0.046786,0.639706

11,6,5,0.628749,0.000859,0.628995,0.503927,0.065644,0.057757,0.629119
11,6,5,0.607995,0.000787,0.608243,0.488913,0.062976,0.055577,0.608365
11,6,5,0.611886,0.000801,0.612136,0.491275,0.064270,0.055814,0.612255
11,6,5,0.611686,0.000858,0.611933,0.491907,0.063372,0.055566,0.612057
11,6,5,0.608369,0.000943,0.608618,0.488760,0.063488,0.055612,0.608731
11,6,5,0.620637,0.000907,0.620884,0.498614,0.064739,0.056777,0.621004
11,6,5,0.607177,0.000881,0.607427,0.487800,0.063143,0.055625,0.607547
11,6,5,0.607197,0.000849,0.607445,0.484709,0.065078,0.055502,0.607564
11,6,5,0.606145,0.000843,0.606392,0.487583,0.062807,0.055233,0.606518
11,6,5,0.606064,0.000907,0.606314,0.486517,0.063654,0.055375,0.606430

11,7,4,0.461363,0.001296,0.461669,0.308725,0.080132,0.072100,0.461791
11,7,4,0.461421,0.001316,0.461730,0.314336,0.077587,0.069045,0.461849
11,7,4,0.466402,0.001388,0.466710,0.316684,0.079113,0.070274,0.466812
11,7,4,0.465881,0.001384,0.466186,0.314429,0.080813,0.070199,0.466305
11,7,4,0.456914,0.001304,0.457222,0.310432,0.077418,0.068684,0.457290
11,7,4,0.460075,0.001397,0.460383,0.312742,0.077940,0.069009,0.460505
11,7,4,0.462824,0.001225,0.463129,0.314842,0.078077,0.069514,0.463252
11,7,4,0.460143,0.001322,0.460451,0.308932,0.079653,0.071188,0.460570
11,7,4,0.465137,0.001312,0.465446,0.315624,0.079015,0.070151,0.465521
11,7,4,0.463083,0.001145,0.463387,0.314824,0.078253,0.069650,0.463515

11,8,3,0.465236,0.002753,0.465639,0.266999,0.105039,0.093012,0.465766
11,8,3,0.464337,0.004184,0.464741,0.263313,0.105139,0.093115,0.464861
11,8,3,0.497879,0.002006,0.498326,0.258700,0.123943,0.115156,0.498446
11,8,3,0.477717,0.002533,0.478162,0.274897,0.107405,0.095305,0.478284
11,8,3,0.473959,0.002718,0.474364,0.273482,0.106180,0.094124,0.474487
11,8,3,0.466743,0.002853,0.467189,0.268279,0.105470,0.092815,0.467313
11,8,3,0.467611,0.002829,0.468056,0.268419,0.105255,0.093724,0.468170
11,8,3,0.466517,0.005250,0.466921,0.256100,0.109019,0.097552,0.467043
11,8,3,0.465409,0.004564,0.465812,0.265514,0.104182,0.092422,0.465933
11,8,3,0.475148,0.003777,0.475560,0.269868,0.107099,0.095360,0.475623

11,9,2,0.461123,0.000616,0.461717,0.159372,0.157559,0.144217,0.461839
11,9,2,0.448457,0.000630,0.449111,0.156188,0.153003,0.139288,0.449231
11,9,2,0.449539,0.000633,0.450137,0.156478,0.153246,0.139890,0.450256
11,9,2,0.447061,0.001601,0.447665,0.155449,0.152361,0.139341,0.447795
11,9,2,0.457518,0.001796,0.458178,0.160982,0.155493,0.141186,0.458289
11,9,2,0.453100,0.000677,0.453685,0.156091,0.155474,0.141594,0.453809
11,9,2,0.448305,0.000608,0.448898,0.156256,0.152933,0.139169,0.449014
11,9,2,0.445866,0.000635,0.446461,0.155155,0.152381,0.138405,0.446588
11,9,2,0.445050,0.000713,0.445648,0.153834,0.152970,0.138301,0.445768
11,9,2,0.446457,0.000629,0.447053,0.155645,0.152303,0.138491,0.447174

11,10,1,0.578100,0.066376,0.579283,0.001925,0.302851,0.274178,0.579405
11,10,1,0.576459,0.066586,0.577633,0.001923,0.301911,0.273497,0.577705
11,10,1,0.577160,0.066514,0.578342,0.001889,0.302620,0.273498,0.578467
11,10,1,0.575887,0.064034,0.577070,0.001980,0.301937,0.272851,0.577192
11,10,1,0.575985,0.065779,0.577169,0.001825,0.302428,0.272558,0.577290
11,10,1,0.572973,0.063003,0.574164,0.001914,0.300600,0.271321,0.574309
11,10,1,0.577867,0.067739,0.579053,0.002023,0.303004,0.273724,0.579175
11,10,1,0.577040,0.065033,0.578204,0.001874,0.302874,0.273170,0.578316
11,10,1,0.577517,0.064622,0.578700,0.002380,0.302305,0.273696,0.578816
11,10,1,0.578414,0.068137,0.579599,0.002013,0.303601,0.273697,0.579718

12,1,11,1.643042,0.000061,1.643165,1.581035,0.031831,0.028852,1.643287
12,1,11,1.648736,0.000073,1.648857,1.586541,0.031881,0.028987,1.648985
12,1,11,1.686889,0.000055,1.687011,1.623037,0.032798,0.029718,1.687135
12,1,11,1.642931,0.000063,1.643063,1.580645,0.031916,0.029082,1.643186
12,1,11,1.644079,0.000066,1.644212,1.576425,0.034452,0.031930,1.644336
12,1,11,1.638098,0.000056,1.638239,1.573993,0.033087,0.029688,1.638363
12,1,11,1.660363,0.000051,1.660495,1.597613,0.032335,0.029084,1.660621
12,1,11,1.649827,0.000048,1.649960,1.584060,0.033715,0.030806,1.650089
12,1,11,1.656052,0.000046,1.656172,1.593630,0.032014,0.029086,1.656293
12,1,11,1.656724,0.000057,1.656856,1.593537,0.032489,0.029348,1.656982

12,2,10,1.024529,0.000194,1.024671,0.954335,0.036391,0.032547,1.024790
12,2,10,0.974731,0.000120,0.974874,0.906110,0.036280,0.031148,0.975000
12,2,10,0.987889,0.000104,0.988017,0.920034,0.035053,0.031624,0.988145
12,2,10,1.020220,0.000158,1.020363,0.950399,0.036135,0.032470,1.020489
12,2,10,0.989997,0.000147,0.990139,0.921169,0.036017,0.031603,0.990255
12,2,10,0.988873,0.000115,0.989014,0.920986,0.035066,0.031595,0.989135
12,2,10,1.022052,0.000144,1.022194,0.951558,0.036501,0.032774,1.022317
12,2,10,1.024858,0.000209,1.025000,0.953248,0.037654,0.032699,1.025121
12,2,10,1.014240,0.000105,1.014382,0.944687,0.036045,0.032275,1.014509
12,2,10,1.025758,0.000284,1.025899,0.954794,0.036933,0.032773,1.026017

12,3,9,0.812761,0.000546,0.812921,0.733162,0.042022,0.036436,0.813042
12,3,9,0.812514,0.000481,0.812672,0.734488,0.040478,0.036451,0.812791
12,3,9,0.801927,0.000432,0.802088,0.725690,0.040149,0.035055,0.802207
12,3,9,0.776050,0.000463,0.776256,0.697937,0.040755,0.036344,0.776376
12,3,9,0.816398,0.002108,0.816557,0.736665,0.039752,0.035629,0.816679
12,3,9,0.802519,0.000492,0.802679,0.725935,0.039774,0.035678,0.802801
12,3,9,0.788798,0.000524,0.788946,0.714504,0.038782,0.034473,0.789022
12,3,9,0.784617,0.000576,0.784778,0.696775,0.044802,0.041924,0.784898
12,3,9,0.800812,0.000491,0.800971,0.725724,0.039095,0.034850,0.801099
12,3,9,0.802331,0.000524,0.802490,0.726565,0.039511,0.035162,0.802612

12,4,8,0.644861,0.000574,0.645039,0.562646,0.042844,0.038444,0.645161
12,4,8,0.640731,0.000628,0.640908,0.559016,0.042637,0.038172,0.641033
12,4,8,0.628049,0.000755,0.628227,0.547621,0.042020,0.037450,0.628347
12,4,8,0.644159,0.000687,0.644337,0.561842,0.042892,0.038472,0.644460
12,4,8,0.630010,0.000530,0.630188,0.549791,0.041900,0.037366,0.630306
12,4,8,0.634873,0.000577,0.635052,0.535489,0.050782,0.047584,0.635171
12,4,8,0.636471,0.000688,0.636646,0.554821,0.042623,0.038085,0.636770
12,4,8,0.645658,0.000633,0.645835,0.563346,0.042838,0.038493,0.645955
12,4,8,0.644397,0.000562,0.644559,0.561706,0.043269,0.038432,0.644678
12,4,8,0.635251,0.000575,0.635414,0.554171,0.042322,0.037882,0.635486

12,5,7,0.657983,0.000712,0.658168,0.566116,0.048534,0.042499,0.658286
12,5,7,0.669588,0.000612,0.669788,0.578099,0.048031,0.042562,0.669909
12,5,7,0.665320,0.000493,0.665507,0.574612,0.047451,0.042464,0.665621
12,5,7,0.666869,0.000692,0.667052,0.575115,0.048019,0.042955,0.667175
12,5,7,0.668577,0.000677,0.668762,0.576012,0.048838,0.042902,0.668839
12,5,7,0.670729,0.001672,0.670948,0.575916,0.048406,0.043034,0.671064
12,5,7,0.663828,0.000711,0.664044,0.572948,0.047732,0.042243,0.664164
12,5,7,0.662587,0.000540,0.662768,0.570635,0.049170,0.041882,0.662886
12,5,7,0.686056,0.000676,0.686239,0.592552,0.049011,0.043637,0.686308
12,5,7,0.667489,0.000563,0.667689,0.574217,0.049265,0.043150,0.667806

12,6,6,0.655086,0.000856,0.655318,0.544656,0.058691,0.050918,0.655432
12,6,6,0.650994,0.000916,0.651224,0.543129,0.056875,0.050309,0.651345
12,6,6,0.658719,0.000829,0.658953,0.549021,0.057702,0.051210,0.659075
12,6,6,0.657046,0.000835,0.657284,0.547662,0.057766,0.051011,0.657400
12,6,6,0.640348,0.000761,0.640579,0.534265,0.055886,0.049525,0.640700
12,6,6,0.637460,0.000854,0.637691,0.530227,0.057316,0.049230,0.637804
12,6,6,0.658445,0.000888,0.658676,0.549504,0.057323,0.050880,0.658795
12,6,6,0.638888,0.000769,0.639118,0.532316,0.055467,0.048944,0.639234
12,6,6,0.628708,0.000809,0.628939,0.524269,0.055231,0.048553,0.629006
12,6,6,0.630142,0.000726,0.630377,0.523760,0.056129,0.049601,0.630496

12,7,5,0.463284,0.001244,0.463560,0.343553,0.063439,0.055805,0.463675
12,7,5,0.476218,0.001245,0.476493,0.352635,0.065300,0.057819,0.476619
12,7,5,0.476348,0.001164,0.476596,0.352638,0.065411,0.057756,0.476719
12,7,5,0.475678,0.001274,0.475929,0.351247,0.066204,0.057724,0.476050
12,7,5,0.485157,0.002178,0.485408,0.356097,0.066818,0.059563,0.485524
12,7,5,0.491891,0.001217,0.492142,0.364823,0.067079,0.059309,0.492275
12,7,5,0.475184,0.001230,0.475468,0.351506,0.065486,0.057723,0.475589
12,7,5,0.487086,0.001178,0.487364,0.360343,0.066946,0.059269,0.487489
12,7,5,0.487427,0.003533,0.487703,0.356666,0.067827,0.058924,0.487822
12,7,5,0.476916,0.001226,0.477194,0.342699,0.070058,0.063659,0.477311

12,8,4,0.477532,0.001260,0.477868,0.324985,0.080408,0.071648,0.477988
12,8,4,0.500605,0.001274,0.500943,0.339651,0.084709,0.075800,0.501064
12,8,4,0.482030,0.001217,0.482369,0.326806,0.081791,0.072955,0.482486
12,8,4,0.483512,0.003504,0.483819,0.325730,0.081192,0.072566,0.483942
12,8,4,0.498558,0.001287,0.498894,0.338456,0.084417,0.075185,0.498966
12,8,4,0.493470,0.001207,0.493810,0.335054,0.083099,0.074952,0.493933
12,8,4,0.481576,0.001159,0.481917,0.326657,0.081179,0.072394,0.482036
12,8,4,0.501396,0.001230,0.501736,0.340276,0.084876,0.075778,0.501856
12,8,4,0.483039,0.001232,0.483377,0.328557,0.081448,0.072712,0.483496
12,8,4,0.498794,0.001299,0.499134,0.337175,0.085391,0.075787,0.499204

12,9,3,0.457341,0.002680,0.457786,0.252980,0.108025,0.096179,0.457859
12,9,3,0.456644,0.002734,0.457091,0.252468,0.107958,0.096082,0.457209
12,9,3,0.459006,0.002393,0.459450,0.252992,0.108395,0.097399,0.459568
12,9,3,0.458123,0.002819,0.458530,0.252821,0.108117,0.096964,0.458653
12,9,3,0.480436,0.003034,0.480881,0.265136,0.113961,0.101218,0.480996
12,9,3,0.456362,0.002395,0.456764,0.252287,0.107921,0.095893,0.456887
12,9,3,0.458699,0.002704,0.459150,0.253404,0.108623,0.096539,0.459219
12,9,3,0.463721,0.002937,0.464167,0.257018,0.109132,0.097375,0.464290
12,9,3,0.460506,0.002979,0.460965,0.256169,0.108201,0.095848,0.461090
12,9,3,0.480950,0.002916,0.481393,0.266295,0.113621,0.100827,0.481515

12,10,2,0.524965,0.000524,0.525561,0.223941,0.157461,0.143620,0.525683
12,10,2,0.536084,0.000490,0.536741,0.228812,0.160784,0.146595,0.536860
12,10,2,0.545506,0.000512,0.546162,0.233585,0.163149,0.148855,0.546285
12,10,2,0.549715,0.000478,0.550374,0.233724,0.165308,0.150781,0.550497
12,10,2,0.534551,0.000458,0.535224,0.228797,0.160411,0.145533,0.535343
12,10,2,0.527144,0.000555,0.527772,0.224184,0.159192,0.143850,0.527896
12,10,2,0.525045,0.000478,0.525681,0.224391,0.157309,0.143492,0.525797
12,10,2,0.528337,0.000518,0.528934,0.226921,0.157914,0.143622,0.529055
12,10,2,0.538454,0.000526,0.539122,0.229317,0.161834,0.147413,0.539239
12,10,2,0.539757,0.000510,0.540415,0.230016,0.161880,0.147977,0.540539

12,11,1,0.598022,0.155737,0.599304,0.001718,0.314048,0.283219,0.599420
12,11,1,0.607006,0.158735,0.608192,0.001724,0.318663,0.287480,0.608309
12,11,1,0.598773,0.155698,0.599985,0.001805,0.314069,0.283782,0.600108
12,11,1,0.599726,0.156053,0.601016,0.001686,0.314802,0.284190,0.601140
12,11,1,0.598205,0.154866,0.599388,0.001795,0.313514,0.283747,0.599511
12,11,1,0.622633,0.162108,0.623911,0.001810,0.326869,0.294891,0.624032
12,11,1,0.629020,0.164896,0.630311,0.001810,0.329710,0.298457,0.630433
12,11,1,0.599621,0.156678,0.600851,0.001783,0.314905,0.283798,0.600977
12,11,1,0.599156,0.154543,0.600340,0.001778,0.315077,0.283170,0.600454
12,11,1,0.611650,0.158501,0.612861,0.001724,0.321804,0.289006,0.612982

13,1,12,1.719097,0.000070,1.719219,1.657765,0.030960,0.028878,1.719285
13,1,12,1.719732,0.000085,1.719864,1.657122,0.032393,0.028717,1.719992
13,1,12,1.718783,0.000070,1.718907,1.657675,0.031095,0.028535,1.719027
13,1,12,1.721825,0.000081,1.721949,1.659537,0.032187,0.028450,1.722068
13,1,12,1.720895,0.000072,1.721018,1.660003,0.030906,0.028549,1.721138
13,1,12,1.718631,0.000074,1.718752,1.654450,0.032573,0.030159,1.718878
13,1,12,1.719801,0.000078,1.719924,1.658549,0.031160,0.028609,1.720043
13,1,12,1.720304,0.000067,1.720427,1.659207,0.031163,0.028542,1.720506
13,1,12,1.719633,0.000081,1.719757,1.656857,0.031981,0.029297,1.719876
13,1,12,1.720006,0.000077,1.720131,1.656259,0.032393,0.029922,1.720258

13,2,11,1.025817,0.000217,1.025947,0.960569,0.033408,0.030446,1.026068
13,2,11,1.027175,0.000245,1.027307,0.960358,0.035085,0.030381,1.027426
13,2,11,1.024161,0.000184,1.024292,0.958366,0.033966,0.030432,1.024409
13,2,11,1.025254,0.000255,1.025389,0.958093,0.034266,0.031509,1.025513
13,2,11,1.023088,0.000273,1.023236,0.957401,0.033851,0.030459,1.023354
13,2,11,1.026737,0.000220,1.026869,0.961274,0.033831,0.030282,1.026990
13,2,11,1.024486,0.000187,1.024616,0.959248,0.033452,0.030382,1.024734
13,2,11,1.026089,0.000287,1.026220,0.960894,0.033444,0.030380,1.026346
13,2,11,1.024454,0.000278,1.024585,0.959146,0.033646,0.030366,1.024726
13,2,11,1.026712,0.000208,1.026842,0.961642,0.033355,0.030384,1.026968

13,3,10,0.814707,0.000624,0.814853,0.744010,0.036890,0.032547,0.814966
13,3,10,0.814160,0.000613,0.814304,0.743873,0.036310,0.032748,0.814431
13,3,10,0.815339,0.000598,0.815485,0.744896,0.036488,0.032732,0.815605
13,3,10,0.814173,0.000582,0.814320,0.731508,0.042230,0.039145,0.814443
13,3,10,0.812550,0.000531,0.812695,0.742213,0.036283,0.032763,0.812818
13,3,10,0.813149,0.000577,0.813295,0.743001,0.036278,0.032634,0.813415
13,3,10,0.812256,0.000611,0.812404,0.742058,0.036338,0.032658,0.812523
13,3,10,0.813348,0.000624,0.813493,0.743147,0.036289,0.032677,0.813618
13,3,10,0.813309,0.000910,0.813455,0.740131,0.037207,0.032602,0.813571
13,3,10,0.813476,0.000540,0.813622,0.742239,0.037451,0.032628,0.813748

13,4,9,0.657882,0.000807,0.658042,0.581637,0.039654,0.035480,0.658166
13,4,9,0.657112,0.000759,0.657272,0.580905,0.039615,0.035501,0.657395
13,4,9,0.657571,0.000788,0.657734,0.580890,0.039683,0.035883,0.657860
13,4,9,0.655336,0.000806,0.655498,0.579096,0.039655,0.035483,0.655625
13,4,9,0.657040,0.000840,0.657205,0.577925,0.041078,0.036983,0.657324
13,4,9,0.658794,0.002412,0.658954,0.579715,0.039435,0.035485,0.659074
13,4,9,0.657796,0.000759,0.657955,0.581699,0.039627,0.035389,0.658073
13,4,9,0.657160,0.000823,0.657322,0.581006,0.039582,0.035501,0.657440
13,4,9,0.657897,0.000798,0.658058,0.581617,0.039641,0.035524,0.658178
13,4,9,0.656914,0.000728,0.657074,0.579860,0.039580,0.036362,0.657193

13,5,8,0.689379,0.000519,0.689558,0.604678,0.044235,0.039453,0.689675
13,5,8,0.688981,0.000535,0.689160,0.604640,0.043933,0.039414,0.689276
13,5,8,0.689747,0.002707,0.689927,0.598470,0.046511,0.040006,0.690047
13,5,8,0.689489,0.000498,0.689669,0.605225,0.043989,0.039272,0.689788
13,5,8,0.692570,0.000469,0.692750,0.607322,0.043961,0.039335,0.692866
13,5,8,0.689813,0.000544,0.689996,0.605716,0.043827,0.039288,0.690114
13,5,8,0.689591,0.000480,0.689774,0.605419,0.043817,0.039408,0.689897
13,5,8,0.691575,0.000446,0.691755,0.607479,0.043869,0.039304,0.691829
13,5,8,0.688094,0.000473,0.688270,0.603872,0.043921,0.039302,0.688385
13,5,8,0.691851,0.000519,0.692030,0.606649,0.044222,0.039332,0.692151

13,6,7,0.658988,0.000703,0.659192,0.563674,0.049936,0.044564,0.659309
13,6,7,0.656159,0.000662,0.656363,0.559947,0.051040,0.044176,0.656484
13,6,7,0.658500,0.000722,0.658702,0.563534,0.049791,0.044316,0.658833
13,6,7,0.660611,0.000878,0.660814,0.563887,0.050073,0.044284,0.660927
13,6,7,0.655853,0.000733,0.656056,0.560767,0.050043,0.044231,0.656171
13,6,7,0.657487,0.000672,0.657688,0.562922,0.049658,0.044089,0.657807
13,6,7,0.657321,0.000721,0.657526,0.561758,0.049837,0.044919,0.657596
13,6,7,0.656181,0.000813,0.656383,0.560023,0.050982,0.044291,0.656499
13,6,7,0.657900,0.002342,0.658099,0.559750,0.050259,0.044122,0.658219
13,6,7,0.656098,0.000823,0.656302,0.559922,0.050967,0.044421,0.656417

13,7,6,0.498924,0.001235,0.499154,0.389439,0.057570,0.051069,0.499268
13,7,6,0.499337,0.001194,0.499567,0.390311,0.057434,0.051001,0.499673
13,7,6,0.498577,0.001223,0.498817,0.389205,0.057473,0.051054,0.498934
13,7,6,0.501987,0.001236,0.502220,0.392645,0.057541,0.050963,0.502337
13,7,6,0.497674,0.001220,0.497908,0.387978,0.057731,0.051093,0.498026
13,7,6,0.501334,0.001182,0.501565,0.392036,0.057453,0.050961,0.501682
13,7,6,0.495225,0.001085,0.495459,0.383420,0.058591,0.052412,0.495523
13,7,6,0.497345,0.001281,0.497581,0.385971,0.059431,0.051224,0.497703
13,7,6,0.508330,0.001183,0.508566,0.398733,0.057783,0.050974,0.508682
13,7,6,0.503828,0.001166,0.504064,0.393904,0.058031,0.051045,0.504183

13,8,5,0.498819,0.001235,0.499096,0.369216,0.068430,0.060488,0.499215
13,8,5,0.499202,0.001224,0.499465,0.369473,0.068545,0.060661,0.499583
13,8,5,0.500496,0.001200,0.500774,0.369943,0.068603,0.060567,0.500847
13,8,5,0.500077,0.001278,0.500353,0.370026,0.068604,0.060794,0.500468
13,8,5,0.500478,0.001217,0.500754,0.370664,0.068449,0.060688,0.500868
13,8,5,0.499181,0.001416,0.499461,0.366980,0.070953,0.060683,0.499577
13,8,5,0.497814,0.001351,0.498090,0.367976,0.068648,0.060693,0.498208
13,8,5,0.502744,0.003177,0.503023,0.369588,0.068681,0.060808,0.503142
13,8,5,0.498247,0.001403,0.498544,0.367280,0.069434,0.060864,0.498660
13,8,5,0.500577,0.001223,0.500851,0.371102,0.068333,0.060605,0.500970

13,9,4,0.475559,0.003428,0.475900,0.310225,0.086356,0.075711,0.476020
13,9,4,0.479187,0.001324,0.479526,0.318336,0.084518,0.075838,0.479645
13,9,4,0.475721,0.001375,0.476063,0.314579,0.084924,0.075845,0.476182
13,9,4,0.476453,0.001351,0.476792,0.315505,0.084827,0.075726,0.476910
13,9,4,0.477840,0.001245,0.478180,0.317207,0.084572,0.075701,0.478298
13,9,4,0.480018,0.001267,0.480360,0.319206,0.084557,0.075729,0.480482
13,9,4,0.488041,0.014251,0.488380,0.312867,0.085034,0.075808,0.488494
13,9,4,0.478430,0.001288,0.478786,0.317582,0.084711,0.075727,0.478904
13,9,4,0.477567,0.001353,0.477910,0.316554,0.084914,0.075741,0.478028
13,9,4,0.478392,0.001308,0.478742,0.317774,0.084661,0.075589,0.478857

13,10,3,0.546312,0.002784,0.546757,0.330870,0.113547,0.101753,0.546877
13,10,3,0.547083,0.002947,0.547533,0.330230,0.114711,0.101850,0.547653
13,10,3,0.544904,0.002790,0.545367,0.328277,0.113662,0.101615,0.545488
13,10,3,0.546202,0.002607,0.546645,0.330375,0.113143,0.101730,0.546765
13,10,3,0.551222,0.002741,0.551672,0.282907,0.137599,0.130476,0.551793
13,10,3,0.548344,0.002969,0.548790,0.332288,0.114298,0.101047,0.548960
13,10,3,0.544138,0.002795,0.544598,0.329029,0.113410,0.101533,0.544719
13,10,3,0.546131,0.002669,0.546576,0.330946,0.113660,0.101413,0.546693
13,10,3,0.546940,0.002688,0.547386,0.332250,0.113538,0.100971,0.547508
13,10,3,0.546008,0.002817,0.546458,0.329537,0.114373,0.101626,0.546574

13,11,2,0.462760,0.000686,0.463420,0.144201,0.166518,0.151554,0.463541
13,11,2,0.467267,0.000675,0.467937,0.149236,0.167011,0.151139,0.468052
13,11,2,0.463991,0.001656,0.464649,0.145668,0.165469,0.150597,0.464767
13,11,2,0.335647,0.000685,0.336308,0.107974,0.119397,0.108481,0.336423
13,11,2,0.465354,0.003153,0.466009,0.145413,0.165386,0.151093,0.466129
13,11,2,0.463037,0.000726,0.463697,0.146086,0.165747,0.151339,0.463816
13,11,2,0.462362,0.002036,0.463020,0.142650,0.165504,0.152078,0.463138
13,11,2,0.465579,0.001998,0.466241,0.146579,0.167814,0.151329,0.466364
13,11,2,0.465072,0.000725,0.465729,0.148479,0.165783,0.150995,0.465844
13,11,2,0.463785,0.000756,0.464445,0.146791,0.165878,0.151260,0.464572

13,12,1,0.629484,0.184844,0.630773,0.001752,0.330281,0.298384,0.630846
13,12,1,0.629555,0.183008,0.630869,0.001750,0.330413,0.298345,0.630989
13,12,1,0.628612,0.185036,0.629903,0.001904,0.329378,0.298296,0.630021
13,12,1,0.629981,0.184983,0.631271,0.001917,0.330570,0.298447,0.631391
13,12,1,0.629192,0.185095,0.630494,0.001856,0.330050,0.298233,0.630612
13,12,1,0.630235,0.185858,0.631554,0.001808,0.330957,0.298448,0.631669
13,12,1,0.629160,0.185665,0.630450,0.001849,0.330012,0.298231,0.630575
13,12,1,0.629315,0.184227,0.630596,0.001825,0.330493,0.297916,0.630716
13,12,1,0.629014,0.183144,0.630316,0.001861,0.330007,0.298120,0.630432
13,12,1,0.628682,0.182925,0.629964,0.001865,0.329453,0.298308,0.630086

14,1,13,1.717408,0.000076,1.717527,1.659349,0.029253,0.027133,1.717594
14,1,13,1.720222,0.000092,1.720339,1.661098,0.030380,0.027033,1.720459
14,1,13,1.718928,0.000073,1.719045,1.660957,0.029237,0.027078,1.719161
14,1,13,1.721608,0.000065,1.721724,1.663811,0.029024,0.027071,1.721848
14,1,13,1.720175,0.000077,1.720292,1.660246,0.030275,0.028032,1.720413
14,1,13,1.717133,0.000078,1.717249,1.659094,0.029279,0.027151,1.717373
14,1,13,1.720568,0.000082,1.720684,1.658068,0.031318,0.029533,1.720819
14,1,13,1.721667,0.000072,1.721784,1.663975,0.029024,0.027022,1.721909
14,1,13,1.720185,0.000078,1.720298,1.662517,0.029161,0.026899,1.720416
14,1,13,1.719182,0.000074,1.719299,1.661553,0.029140,0.026915,1.719420

14,2,12,1.023774,0.000240,1.023886,0.962626,0.031079,0.028562,1.024006
14,2,12,1.023728,0.000259,1.023852,0.962418,0.031440,0.028464,1.023930
14,2,12,1.024845,0.000290,1.024968,0.963715,0.031053,0.028549,1.025092
14,2,12,1.022152,0.000296,1.022274,0.960991,0.031101,0.028515,1.022393
14,2,12,1.026048,0.000284,1.026159,0.964723,0.031184,0.028554,1.026280
14,2,12,1.025872,0.000395,1.025994,0.963767,0.032133,0.028474,1.026119
14,2,12,1.023874,0.000314,1.024000,0.962545,0.031326,0.028500,1.024121
14,2,12,1.027038,0.000273,1.027159,0.965806,0.031200,0.028542,1.027277
14,2,12,1.026892,0.000282,1.027016,0.965602,0.031166,0.028641,1.027139
14,2,12,1.026757,0.000255,1.026879,0.965553,0.031092,0.028611,1.027001

14,3,11,0.814651,0.000690,0.814786,0.749415,0.033564,0.030257,0.814903
14,3,11,0.812651,0.000713,0.812786,0.747280,0.033687,0.030359,0.812861
14,3,11,0.813113,0.000678,0.813249,0.747696,0.033598,0.030395,0.813318
14,3,11,0.813089,0.000651,0.813233,0.747464,0.033740,0.030471,0.813354
14,3,11,0.812050,0.000689,0.812185,0.746642,0.033594,0.030381,0.812306
14,3,11,0.812077,0.000657,0.812212,0.746748,0.033572,0.030353,0.812336
14,3,11,0.813113,0.000668,0.813249,0.747533,0.033683,0.030443,0.813368
14,3,11,0.812546,0.000744,0.812682,0.744715,0.035029,0.031357,0.812803
14,3,11,0.812017,0.000696,0.812151,0.745955,0.033935,0.030811,0.812221
14,3,11,0.816322,0.000665,0.816458,0.750611,0.033823,0.030503,0.816579

14,4,10,0.656474,0.000941,0.656622,0.586231,0.036344,0.032587,0.656742
14,4,10,0.657821,0.000889,0.657969,0.587879,0.036217,0.032542,0.658038
14,4,10,0.657812,0.000887,0.657960,0.587812,0.036051,0.032675,0.658080
14,4,10,0.658732,0.000926,0.658880,0.588689,0.036201,0.032537,0.658960
14,4,10,0.657601,0.000936,0.657748,0.587569,0.036180,0.032646,0.657871
14,4,10,0.655479,0.000941,0.655628,0.585219,0.036333,0.032675,0.655749
14,4,10,0.657990,0.000976,0.658135,0.587087,0.036696,0.032948,0.658254
14,4,10,0.657577,0.000952,0.657725,0.587185,0.036132,0.032910,0.657853
14,4,10,0.657500,0.000892,0.657649,0.587400,0.036098,0.032735,0.657764
14,4,10,0.659365,0.001020,0.659511,0.586873,0.037575,0.033567,0.659626

14,5,9,0.690279,0.000760,0.690440,0.613632,0.039906,0.035615,0.690565
14,5,9,0.690387,0.000830,0.690549,0.613564,0.039881,0.035705,0.690674
14,5,9,0.690476,0.000732,0.690638,0.613745,0.039934,0.035730,0.690718
14,5,9,0.688762,0.000741,0.688925,0.611808,0.039925,0.035928,0.689043
14,5,9,0.710470,0.020982,0.710634,0.612609,0.039506,0.035476,0.710751
14,5,9,0.734588,0.013235,0.734750,0.645053,0.052493,0.035945,0.734862
14,5,9,0.689998,0.000748,0.690159,0.613256,0.039942,0.035709,0.690279
14,5,9,0.690638,0.000748,0.690800,0.613216,0.040637,0.035542,0.690920
14,5,9,0.690563,0.000757,0.690738,0.612151,0.041338,0.035780,0.690854
14,5,9,0.691486,0.001396,0.691649,0.612373,0.040180,0.035542,0.691772

14,6,8,0.656664,0.000579,0.656845,0.570367,0.046063,0.039261,0.656964
14,6,8,0.657949,0.000682,0.658135,0.573495,0.044034,0.039475,0.658259
14,6,8,0.657121,0.000520,0.657303,0.571755,0.044429,0.039955,0.657428
14,6,8,0.658132,0.000641,0.658314,0.573769,0.044128,0.039226,0.658435
14,6,8,0.657207,0.000513,0.657397,0.572287,0.044387,0.039550,0.657534
14,6,8,0.656892,0.000667,0.657059,0.570015,0.046597,0.039289,0.657185
14,6,8,0.657825,0.000581,0.658003,0.572135,0.045140,0.039580,0.658123
14,6,8,0.657418,0.000592,0.657596,0.573144,0.043872,0.039279,0.657717
14,6,8,0.656745,0.000547,0.656924,0.571688,0.044506,0.039425,0.657046
14,6,8,0.656116,0.000570,0.656298,0.569961,0.045335,0.039562,0.656417

14,7,7,0.499148,0.001030,0.499352,0.404261,0.049681,0.044330,0.499478
14,7,7,0.496505,0.001031,0.496706,0.401325,0.049766,0.044437,0.496830
14,7,7,0.500420,0.000987,0.500622,0.405528,0.049830,0.044304,0.500689
14,7,7,0.500369,0.001112,0.500576,0.405217,0.049744,0.044387,0.500697
14,7,7,0.497308,0.001304,0.497510,0.401464,0.050268,0.044685,0.497631
14,7,7,0.496654,0.001107,0.496855,0.401376,0.050090,0.044353,0.496929
14,7,7,0.498768,0.001105,0.498968,0.403707,0.049667,0.044361,0.499088
14,7,7,0.500716,0.001108,0.500919,0.405546,0.049810,0.044416,0.501039
14,7,7,0.497396,0.001106,0.497598,0.401026,0.051233,0.044306,0.497671
14,7,7,0.497968,0.001128,0.498172,0.402803,0.049752,0.044383,0.498291

14,8,6,0.497829,0.001117,0.498063,0.385734,0.058741,0.052676,0.498184
14,8,6,0.498794,0.001123,0.499028,0.389176,0.057686,0.051185,0.499104
14,8,6,0.498228,0.001143,0.498465,0.388419,0.057698,0.051169,0.498578
14,8,6,0.498296,0.001175,0.498530,0.387921,0.057611,0.051882,0.498651
14,8,6,0.498221,0.001229,0.498459,0.388865,0.057468,0.051055,0.498575
14,8,6,0.498314,0.002136,0.498548,0.386472,0.057532,0.051207,0.498668
14,8,6,0.498869,0.001171,0.499103,0.385629,0.060130,0.052255,0.499226
14,8,6,0.497620,0.001191,0.497860,0.386925,0.057961,0.051909,0.497975
14,8,6,0.500551,0.001156,0.500786,0.391354,0.057450,0.051011,0.500906
14,8,6,0.510520,0.013069,0.510755,0.387203,0.058413,0.051068,0.510876

14,9,5,0.477045,0.001310,0.477323,0.347152,0.068664,0.060694,0.477443
14,9,5,0.477392,0.001266,0.477669,0.347572,0.068617,0.060652,0.477790
14,9,5,0.475624,0.001431,0.475900,0.344193,0.069376,0.061532,0.476020
14,9,5,0.473994,0.001501,0.474275,0.343224,0.069502,0.060756,0.474393
14,9,5,0.476471,0.001288,0.476753,0.346656,0.068589,0.060678,0.476870
14,9,5,0.479246,0.001157,0.479526,0.349609,0.068409,0.060657,0.479643
14,9,5,0.476895,0.001232,0.477176,0.346876,0.068744,0.060645,0.477294
14,9,5,0.477027,0.001309,0.477307,0.347456,0.068451,0.060558,0.477424
14,9,5,0.477149,0.001423,0.477426,0.345981,0.069884,0.060785,0.477542
14,9,5,0.476637,0.001206,0.476915,0.347062,0.068371,0.060643,0.477029

14,10,4,0.544036,0.001150,0.544379,0.383250,0.084718,0.075738,0.544498
14,10,4,0.545396,0.001206,0.545739,0.384200,0.084936,0.075951,0.545809
14,10,4,0.546921,0.001253,0.547258,0.384917,0.085201,0.075905,0.547380
14,10,4,0.543891,0.001253,0.544231,0.383219,0.084581,0.075719,0.544302
14,10,4,0.544366,0.001161,0.544712,0.383165,0.084933,0.075916,0.544834
14,10,4,0.544423,0.001066,0.544769,0.383241,0.084566,0.076260,0.544839
14,10,4,0.543992,0.001134,0.544331,0.382987,0.084814,0.075805,0.544452
14,10,4,0.587643,0.001113,0.587984,0.426887,0.084581,0.075802,0.588107
14,10,4,0.546433,0.001099,0.546785,0.385057,0.084821,0.076105,0.546906
14,10,4,0.548858,0.001087,0.549202,0.388188,0.084548,0.075756,0.549320

14,11,3,0.460974,0.002908,0.461419,0.245592,0.113310,0.101854,0.461537
14,11,3,0.460589,0.002727,0.461034,0.245946,0.113111,0.101372,0.461149
14,11,3,0.461347,0.002750,0.461796,0.245521,0.113904,0.101704,0.461915
14,11,3,0.459810,0.002573,0.460259,0.245066,0.113535,0.101082,0.460382
14,11,3,0.460259,0.002938,0.460704,0.238885,0.116634,0.104581,0.460824
14,11,3,0.461726,0.002912,0.462179,0.246789,0.113178,0.101538,0.462302
14,11,3,0.460158,0.002673,0.460613,0.245491,0.113026,0.101453,0.460730
14,11,3,0.460872,0.002809,0.461321,0.246109,0.113183,0.101309,0.461446
14,11,3,0.459729,0.002869,0.460177,0.244201,0.113862,0.101098,0.460300
14,11,3,0.461929,0.003473,0.462377,0.246224,0.114049,0.101456,0.462446

14,12,2,0.444291,0.001886,0.444958,0.125235,0.166965,0.151922,0.445076
14,12,2,0.444271,0.000714,0.444929,0.126751,0.166842,0.150764,0.445056
14,12,2,0.474585,0.000789,0.475244,0.157482,0.165799,0.151405,0.475363
14,12,2,0.444049,0.000799,0.444707,0.127080,0.166181,0.150927,0.444832
14,12,2,0.442471,0.000839,0.443139,0.125381,0.165230,0.150620,0.443260
14,12,2,0.443872,0.003160,0.444530,0.123773,0.165485,0.151032,0.444647
14,12,2,0.445215,0.000710,0.445876,0.129624,0.165522,0.150233,0.445996
14,12,2,0.443521,0.000793,0.444184,0.126601,0.166312,0.150743,0.444309
14,12,2,0.444892,0.000767,0.445553,0.128339,0.165692,0.150947,0.445672
14,12,2,0.444433,0.000735,0.445094,0.127644,0.165993,0.150886,0.445212

14,13,1,0.629650,0.196017,0.630945,0.001859,0.329877,0.298868,0.631062
14,13,1,0.628983,0.193805,0.630261,0.001830,0.329926,0.298169,0.630377
14,13,1,0.628757,0.194158,0.630057,0.001874,0.329613,0.298240,0.630181
14,13,1,0.629446,0.194242,0.630728,0.001834,0.330474,0.298068,0.630852
14,13,1,0.628474,0.190205,0.629761,0.001902,0.329417,0.298117,0.629833
14,13,1,0.628067,0.189099,0.629351,0.001962,0.328881,0.298170,0.629423
14,13,1,0.629776,0.193209,0.631059,0.001847,0.330312,0.298536,0.631181
14,13,1,0.629247,0.195735,0.630526,0.001935,0.329751,0.298501,0.630648
14,13,1,0.631826,0.195202,0.633104,0.001829,0.332466,0.298449,0.633226
14,13,1,0.629351,0.192843,0.630643,0.002055,0.329968,0.298277,0.630764

15,1,14,1.713013,0.000071,1.713123,1.657267,0.027985,0.025995,1.713243
15,1,14,1.719822,0.000087,1.719935,1.663557,0.028656,0.025856,1.720054
15,1,14,1.720360,0.000082,1.720468,1.663425,0.029329,0.025834,1.720588
15,1,14,1.721010,0.000073,1.721122,1.666036,0.027395,0.025826,1.721251
15,1,14,1.718610,0.000076,1.718732,1.663668,0.027347,0.025851,1.718856
15,1,14,1.718725,0.000067,1.718835,1.663527,0.027521,0.025873,1.718954
15,1,14,1.717027,0.000063,1.717135,1.657702,0.029667,0.027858,1.717262
15,1,14,1.719546,0.000073,1.719657,1.664411,0.027441,0.025931,1.719782
15,1,14,1.718324,0.000078,1.718436,1.663053,0.027638,0.025901,1.718560
15,1,14,1.717951,0.000067,1.718058,1.661530,0.028452,0.026161,1.718185

15,2,13,1.025240,0.000309,1.025357,0.966871,0.029627,0.027052,1.025481
15,2,13,1.027317,0.000311,1.027434,0.967989,0.030236,0.027456,1.027556
15,2,13,1.025783,0.000334,1.025899,0.967204,0.029915,0.027008,1.026019
15,2,13,1.026176,0.000314,1.026293,0.967111,0.029542,0.027866,1.026415
15,2,13,1.022404,0.000366,1.022519,0.963117,0.029656,0.027966,1.022641
15,2,13,1.025806,0.000318,1.025925,0.961475,0.032191,0.030525,1.026001
15,2,13,1.025636,0.000352,1.025771,0.967917,0.029148,0.026972,1.025897
15,2,13,1.025838,0.000386,1.025952,0.968102,0.029049,0.027013,1.026069
15,2,13,1.025584,0.000325,1.025698,0.967554,0.029274,0.027070,1.025820
15,2,13,1.025760,0.000348,1.025876,0.967357,0.029478,0.027306,1.026004

15,3,12,0.829905,0.000747,0.830033,0.769003,0.031040,0.028434,0.830151
15,3,12,0.814278,0.000733,0.814404,0.753242,0.031053,0.028501,0.814537
15,3,12,0.814050,0.000703,0.814174,0.750957,0.032919,0.028605,0.814291
15,3,12,0.813020,0.000739,0.813143,0.751538,0.031527,0.028441,0.813220
15,3,12,0.812869,0.000716,0.812994,0.750645,0.032022,0.028727,0.813112
15,3,12,0.814019,0.000720,0.814144,0.749529,0.032629,0.030367,0.814270
15,3,12,0.814550,0.000789,0.814677,0.753404,0.031138,0.028515,0.814797
15,3,12,0.813692,0.000732,0.813818,0.752507,0.031200,0.028481,0.813946
15,3,12,0.815028,0.000777,0.815154,0.753200,0.031471,0.028827,0.815276
15,3,12,0.813639,0.000783,0.813766,0.751643,0.031998,0.028543,0.813844

15,4,11,0.657967,0.001051,0.658105,0.592829,0.033461,0.030302,0.658226
15,4,11,0.657417,0.001006,0.657556,0.590944,0.034497,0.030551,0.657680
15,4,11,0.659722,0.000965,0.659859,0.594607,0.033299,0.030424,0.659986
15,4,11,0.657886,0.001012,0.658022,0.592127,0.033668,0.030724,0.658149
15,4,11,0.661116,0.000963,0.661251,0.594910,0.033283,0.030496,0.661371
15,4,11,0.658160,0.003206,0.658295,0.589712,0.033262,0.030284,0.658417
15,4,11,0.658983,0.001033,0.659119,0.582761,0.038675,0.036166,0.659242
15,4,11,0.657564,0.001004,0.657707,0.590206,0.034492,0.031462,0.657829
15,4,11,0.657779,0.000968,0.657915,0.592880,0.033284,0.030264,0.657989
15,4,11,0.660376,0.000978,0.660512,0.594385,0.033896,0.030634,0.660635

15,5,10,0.689560,0.000933,0.689712,0.618210,0.037392,0.032736,0.689834
15,5,10,0.698244,0.000877,0.698392,0.627050,0.036135,0.032708,0.698516
15,5,10,0.691840,0.000867,0.691986,0.621510,0.036452,0.032615,0.692061
15,5,10,0.688901,0.000809,0.689049,0.617449,0.036312,0.033894,0.689168
15,5,10,0.694042,0.002532,0.694191,0.619665,0.037235,0.032723,0.694307
15,5,10,0.688806,0.000900,0.688956,0.615305,0.037325,0.034853,0.689076
15,5,10,0.690706,0.000839,0.690853,0.620734,0.036093,0.032663,0.690976
15,5,10,0.689837,0.000875,0.690048,0.610519,0.041481,0.036625,0.690169
15,5,10,0.690220,0.000804,0.690370,0.620314,0.036011,0.032617,0.690493
15,5,10,0.690087,0.000845,0.690235,0.619117,0.037125,0.032616,0.690358

15,6,9,0.657740,0.000817,0.657903,0.581294,0.039884,0.035479,0.658026
15,6,9,0.658879,0.001080,0.659044,0.580565,0.039571,0.035862,0.659114
15,6,9,0.658979,0.000796,0.659212,0.573951,0.043607,0.040159,0.659330
15,6,9,0.659622,0.000927,0.659783,0.579101,0.041566,0.037711,0.659906
15,6,9,0.660448,0.000894,0.660616,0.583158,0.040370,0.035639,0.660734
15,6,9,0.656114,0.000750,0.656278,0.579754,0.039642,0.035592,0.656353
15,6,9,0.657543,0.000870,0.657708,0.579527,0.041255,0.035589,0.657814
15,6,9,0.657613,0.000772,0.657775,0.581203,0.039862,0.035415,0.657897
15,6,9,0.657467,0.000760,0.657631,0.581341,0.039521,0.035463,0.657745
15,6,9,0.657060,0.000817,0.657221,0.578993,0.041001,0.035883,0.657341

15,7,8,0.499158,0.000992,0.499338,0.413287,0.045287,0.039454,0.499459
15,7,8,0.498825,0.000917,0.499014,0.414216,0.044109,0.039359,0.499138
15,7,8,0.500252,0.000952,0.500436,0.416162,0.043821,0.039320,0.500556
15,7,8,0.498879,0.000967,0.499062,0.414406,0.044201,0.039313,0.499180
15,7,8,0.497090,0.000991,0.497269,0.410492,0.045688,0.039765,0.497387
15,7,8,0.496621,0.000980,0.496802,0.412507,0.043799,0.039309,0.496925
15,7,8,0.497482,0.000869,0.497673,0.413559,0.043627,0.039329,0.497746
15,7,8,0.515797,0.000962,0.515983,0.431599,0.043762,0.039414,0.516106
15,7,8,0.498088,0.000949,0.498268,0.414147,0.043622,0.039361,0.498385
15,7,8,0.496213,0.000900,0.496395,0.411718,0.044146,0.039290,0.496511

15,8,7,0.499621,0.001040,0.499828,0.403109,0.050703,0.044971,0.499947
15,8,7,0.499616,0.001077,0.499822,0.404503,0.049855,0.044441,0.499930
15,8,7,0.499481,0.001052,0.499711,0.404365,0.049747,0.044357,0.499833
15,8,7,0.499899,0.001115,0.500105,0.404883,0.049775,0.044376,0.500220
15,8,7,0.499968,0.001069,0.500172,0.404657,0.049760,0.044562,0.500287
15,8,7,0.495858,0.000931,0.496062,0.399352,0.051201,0.044279,0.496182
15,8,7,0.499377,0.001019,0.499582,0.402102,0.050729,0.045401,0.499698
15,8,7,0.502008,0.000958,0.502213,0.406733,0.049969,0.044343,0.502284
15,8,7,0.499533,0.000981,0.499738,0.404318,0.049994,0.044302,0.499856
15,8,7,0.499015,0.001102,0.499216,0.403940,0.049744,0.044255,0.499339

15,9,6,0.477478,0.001195,0.477720,0.368355,0.057328,0.050992,0.477841
15,9,6,0.480914,0.001228,0.481828,0.371209,0.058639,0.050927,0.481949
15,9,6,0.477608,0.001288,0.477844,0.368064,0.057586,0.051006,0.477961
15,9,6,0.476701,0.001266,0.476936,0.365972,0.058836,0.050966,0.477052
15,9,6,0.480267,0.003797,0.480504,0.366903,0.057555,0.051303,0.480626
15,9,6,0.478282,0.001294,0.478518,0.368549,0.057571,0.051305,0.478640
15,9,6,0.478777,0.001172,0.479014,0.369308,0.057592,0.050989,0.479085
15,9,6,0.477577,0.001235,0.477813,0.368091,0.057683,0.051161,0.477881
15,9,6,0.476737,0.001332,0.476975,0.365417,0.059155,0.051254,0.477045
15,9,6,0.479033,0.001151,0.479268,0.368947,0.057801,0.051545,0.479389

15,10,5,0.543856,0.001064,0.544132,0.413453,0.069187,0.060687,0.544258
15,10,5,0.544858,0.001118,0.545139,0.414496,0.068927,0.060820,0.545257
15,10,5,0.547754,0.001114,0.548020,0.417782,0.068670,0.060742,0.548140
15,10,5,0.545018,0.002542,0.545301,0.411045,0.069727,0.060990,0.545424
15,10,5,0.544971,0.001123,0.545248,0.414860,0.068820,0.060783,0.545372
15,10,5,0.545733,0.001103,0.546012,0.414067,0.069525,0.061610,0.546137
15,10,5,0.542955,0.001140,0.543234,0.412116,0.069695,0.060691,0.543362
15,10,5,0.544062,0.001150,0.544346,0.413912,0.068594,0.060831,0.544470
15,10,5,0.543875,0.001194,0.544155,0.414162,0.068499,0.060753,0.544275
15,10,5,0.544390,0.001124,0.544673,0.413642,0.069652,0.060665,0.544743

15,11,4,0.459758,0.001418,0.460095,0.298883,0.084557,0.075852,0.460217
15,11,4,0.460356,0.001414,0.460699,0.299618,0.084528,0.075898,0.460823
15,11,4,0.475991,0.001368,0.476334,0.315323,0.084666,0.075670,0.476454
15,11,4,0.280761,0.001335,0.281104,0.182226,0.052161,0.046177,0.281174
15,11,4,0.473261,0.001407,0.473602,0.307872,0.086911,0.078098,0.473724
15,11,4,0.459418,0.001365,0.459759,0.298652,0.084502,0.075936,0.459826
15,11,4,0.457788,0.001379,0.458126,0.296826,0.084789,0.075804,0.458250
15,11,4,0.459116,0.001310,0.459460,0.297951,0.084787,0.075897,0.459530
15,11,4,0.459929,0.001420,0.460274,0.298988,0.084685,0.075905,0.460390
15,11,4,0.458738,0.001240,0.459088,0.297834,0.084623,0.075961,0.459202

15,12,3,0.442948,0.003831,0.443399,0.225765,0.114224,0.102766,0.443513
15,12,3,0.442071,0.002914,0.442525,0.226452,0.113795,0.101694,0.442598
15,12,3,0.444151,0.003080,0.444600,0.228594,0.113700,0.101688,0.444723
15,12,3,0.441739,0.002899,0.442191,0.226763,0.113608,0.101248,0.442322
15,12,3,0.443412,0.004876,0.443861,0.225728,0.112727,0.101610,0.443982
15,12,3,0.442690,0.002887,0.443142,0.227911,0.113223,0.101417,0.443209
15,12,3,0.441675,0.002940,0.442123,0.226854,0.112859,0.101844,0.442243
15,12,3,0.440915,0.002838,0.441366,0.225272,0.114077,0.101482,0.441488
15,12,3,0.446076,0.003010,0.446526,0.229958,0.114656,0.101304,0.446641
15,12,3,0.442594,0.003007,0.443045,0.227591,0.113169,0.101714,0.443117

15,13,2,0.436568,0.000721,0.437227,0.120069,0.165440,0.151220,0.437301
15,13,2,0.432391,0.000775,0.433060,0.115804,0.166200,0.150537,0.433184
15,13,2,0.432319,0.000754,0.432984,0.116740,0.165417,0.150311,0.433106
15,13,2,0.434786,0.000796,0.435445,0.117919,0.166017,0.150949,0.435567
15,13,2,0.433765,0.000760,0.434425,0.116669,0.165702,0.150970,0.434542
15,13,2,0.433442,0.000757,0.434105,0.117330,0.165383,0.150800,0.434171
15,13,2,0.432982,0.000783,0.433644,0.117086,0.165266,0.150769,0.433762
15,13,2,0.436569,0.003497,0.437230,0.115458,0.165724,0.152588,0.437348
15,13,2,0.435332,0.000732,0.435995,0.120461,0.164966,0.150086,0.436108
15,13,2,0.434456,0.001716,0.435116,0.116547,0.166533,0.151487,0.435237

15,14,1,0.631298,0.282242,0.632593,0.001897,0.331633,0.298751,0.632716
15,14,1,0.629475,0.280900,0.630775,0.001678,0.330219,0.298532,0.630897
15,14,1,0.628040,0.280104,0.629346,0.001704,0.329386,0.297904,0.629464
15,14,1,0.630105,0.281048,0.631392,0.001733,0.331446,0.297850,0.631507
15,14,1,0.629779,0.280639,0.631077,0.001932,0.330117,0.298652,0.631199
15,14,1,0.629527,0.282351,0.630806,0.001760,0.330216,0.298458,0.630929
15,14,1,0.629504,0.281874,0.630797,0.001684,0.330341,0.298420,0.630917
15,14,1,0.628278,0.279666,0.629561,0.001736,0.329557,0.297955,0.629680
15,14,1,0.627664,0.278100,0.628952,0.001776,0.328996,0.297874,0.629070
15,14,1,0.630018,0.280110,0.631319,0.001696,0.331350,0.297943,0.631437

16,1,15,1.701960,0.000072,1.702065,1.649043,0.026151,0.024876,1.702185
16,1,15,1.702330,0.000067,1.702469,1.649016,0.026484,0.024973,1.702596
16,1,15,1.703547,0.000077,1.703652,1.648890,0.027412,0.025346,1.703775
16,1,15,1.703131,0.000077,1.703235,1.650256,0.026192,0.024783,1.703359
16,1,15,1.703318,0.000061,1.703422,1.649506,0.027128,0.024776,1.703543
16,1,15,1.701350,0.000058,1.701454,1.644828,0.027104,0.024840,1.701573
16,1,15,1.699597,0.000080,1.699703,1.646740,0.026040,0.024893,1.699824
16,1,15,1.701774,0.000055,1.701879,1.647696,0.027129,0.025028,1.702001
16,1,15,1.700969,0.000072,1.701075,1.646666,0.027620,0.024773,1.701199
16,1,15,1.696110,0.000078,1.696213,1.642846,0.026693,0.024713,1.696338

16,2,14,1.019362,0.000293,1.019511,0.957141,0.031691,0.028867,1.019588
16,2,14,1.018284,0.000374,1.018394,0.960517,0.028879,0.025845,1.018518
16,2,14,1.019820,0.000353,1.019931,0.959321,0.030227,0.028535,1.020057
16,2,14,1.017950,0.000411,1.018058,0.961746,0.028536,0.025870,1.018184
16,2,14,1.018008,0.000386,1.018117,0.958344,0.031066,0.026825,1.018239
16,2,14,1.017943,0.000380,1.018055,0.959105,0.031301,0.025797,1.018173
16,2,14,1.016230,0.000409,1.016339,0.959868,0.027672,0.026903,1.016459
16,2,14,1.017632,0.000427,1.017742,0.959803,0.029408,0.026606,1.017863
16,2,14,1.018760,0.000420,1.018870,0.964031,0.027201,0.025757,1.018989
16,2,14,1.018534,0.000384,1.018643,0.961923,0.029006,0.025796,1.018764

16,3,13,0.811642,0.000888,0.811761,0.753055,0.029720,0.027214,0.811835
16,3,13,0.806087,0.000851,0.806202,0.747021,0.030413,0.026962,0.806320
16,3,13,0.811234,0.000820,0.811353,0.753224,0.029411,0.026961,0.811476
16,3,13,0.808781,0.000874,0.808900,0.750109,0.029738,0.027274,0.808972
16,3,13,0.807549,0.000755,0.807668,0.749361,0.029593,0.026943,0.807794
16,3,13,0.808494,0.000763,0.808614,0.750110,0.029829,0.026927,0.808733
16,3,13,0.810929,0.000779,0.811049,0.752695,0.029552,0.027067,0.811168
16,3,13,0.810051,0.000782,0.810170,0.752098,0.029373,0.026966,0.810301
16,3,13,0.809933,0.000836,0.810051,0.750219,0.030219,0.027848,0.810176
16,3,13,0.806226,0.000782,0.806344,0.747468,0.030098,0.027023,0.806465

16,4,12,0.658682,0.001024,0.658808,0.595950,0.031683,0.029501,0.658925
16,4,12,0.654017,0.001031,0.654133,0.590531,0.031270,0.029389,0.654259
16,4,12,0.657910,0.001850,0.658035,0.595405,0.032467,0.028492,0.658158
16,4,12,0.655215,0.001042,0.655344,0.591736,0.032894,0.029047,0.655467
16,4,12,0.654731,0.001034,0.654858,0.593150,0.031621,0.028432,0.654981
16,4,12,0.654608,0.001049,0.654734,0.593068,0.031563,0.028421,0.654856
16,4,12,0.655170,0.001075,0.655297,0.592632,0.032485,0.028531,0.655420
16,4,12,0.656610,0.001035,0.656738,0.593915,0.031772,0.029333,0.656856
16,4,12,0.655942,0.002149,0.656067,0.592113,0.031266,0.028461,0.656193
16,4,12,0.652781,0.001075,0.652908,0.590764,0.031705,0.028701,0.653033

16,5,11,0.686209,0.000998,0.686349,0.619697,0.034336,0.030808,0.686471
16,5,11,0.688129,0.000901,0.688267,0.621804,0.033601,0.030355,0.688390
16,5,11,0.686009,0.000953,0.686146,0.620454,0.033791,0.030343,0.686262
16,5,11,0.688803,0.000896,0.688941,0.622226,0.034664,0.030500,0.689062
16,5,11,0.689809,0.000928,0.689945,0.623003,0.034964,0.030435,0.690065
16,5,11,0.701987,0.016082,0.702126,0.618399,0.034322,0.030464,0.702199
16,5,11,0.686147,0.000977,0.686285,0.619216,0.035070,0.030515,0.686402
16,5,11,0.688470,0.000944,0.688609,0.621776,0.034809,0.030512,0.688729
16,5,11,0.701883,0.000997,0.702021,0.634618,0.035498,0.030411,0.702141
16,5,11,0.693038,0.000917,0.693177,0.628126,0.033268,0.030327,0.693250

16,6,10,0.655964,0.000882,0.656115,0.585701,0.036330,0.032646,0.656239
16,6,10,0.677819,0.020299,0.677970,0.586371,0.036462,0.032743,0.678096
16,6,10,0.655334,0.000920,0.655491,0.584019,0.037370,0.032694,0.655619
16,6,10,0.654896,0.000967,0.655046,0.583493,0.037631,0.032590,0.655115
16,6,10,0.655853,0.000943,0.656065,0.580620,0.039615,0.034462,0.656181
16,6,10,0.657357,0.000976,0.657508,0.586252,0.036664,0.033136,0.657629
16,6,10,0.657443,0.000937,0.657591,0.587380,0.036244,0.032549,0.657713
16,6,10,0.655170,0.000917,0.655318,0.583357,0.037631,0.032863,0.655439
16,6,10,0.655040,0.000908,0.655189,0.584175,0.037050,0.032599,0.655263
16,6,10,0.654088,0.000993,0.654228,0.582447,0.037482,0.032898,0.654351

16,7,9,0.498422,0.001194,0.498587,0.422019,0.039586,0.035572,0.498661
16,7,9,0.513768,0.001264,0.513934,0.436803,0.040237,0.035612,0.514058
16,7,9,0.495742,0.001177,0.495961,0.414413,0.042645,0.037634,0.496080
16,7,9,0.503295,0.006131,0.503459,0.420544,0.039868,0.035620,0.503517
16,7,9,0.515160,0.017928,0.515327,0.421014,0.039436,0.035482,0.515448
16,7,9,0.496870,0.001261,0.497036,0.418693,0.040574,0.035619,0.497174
16,7,9,0.498762,0.001912,0.498927,0.420173,0.041914,0.035576,0.499054
16,7,9,0.497300,0.001126,0.497466,0.420505,0.039999,0.035686,0.497589
16,7,9,0.503005,0.001154,0.503169,0.425336,0.040728,0.035591,0.503288
16,7,9,0.497037,0.001158,0.497203,0.418214,0.040656,0.036652,0.497326

16,8,8,0.496847,0.000998,0.497032,0.411589,0.044703,0.039532,0.497142
16,8,8,0.498191,0.000915,0.498377,0.414340,0.043520,0.039313,0.498500
16,8,8,0.498549,0.003742,0.498731,0.409900,0.044272,0.039344,0.498850
16,8,8,0.499225,0.000957,0.499407,0.414803,0.043570,0.039695,0.499528
16,8,8,0.499028,0.000949,0.499214,0.414713,0.043913,0.039372,0.499333
16,8,8,0.500536,0.000938,0.500721,0.416378,0.043704,0.039329,0.500846
16,8,8,0.514624,0.014959,0.514805,0.414889,0.043706,0.039316,0.514923
16,8,8,0.499733,0.000860,0.499918,0.415494,0.043806,0.039327,0.500040
16,8,8,0.497566,0.000939,0.497748,0.411709,0.045043,0.039529,0.497881
16,8,8,0.511404,0.013741,0.511585,0.411450,0.044684,0.040329,0.511706

16,9,7,0.486654,0.011905,0.486857,0.379181,0.049632,0.044155,0.486972
16,9,7,0.477745,0.001071,0.477952,0.383288,0.049437,0.044202,0.478072
16,9,7,0.478733,0.001076,0.478928,0.382120,0.050471,0.045305,0.479058
16,9,7,0.475081,0.001106,0.475290,0.380231,0.049823,0.044185,0.475408
16,9,7,0.476402,0.001049,0.476620,0.381830,0.049530,0.044245,0.476735
16,9,7,0.486678,0.012720,0.486885,0.377464,0.051279,0.044305,0.487001
16,9,7,0.475462,0.001101,0.475671,0.379108,0.051116,0.044272,0.475798
16,9,7,0.475848,0.001089,0.476056,0.379802,0.050584,0.044326,0.476176
16,9,7,0.478147,0.001135,0.478355,0.383183,0.049808,0.044387,0.478478
16,9,7,0.477777,0.001072,0.477988,0.382935,0.049560,0.044277,0.478112

16,10,6,0.586653,0.014033,0.586877,0.462129,0.072209,0.051489,0.586992
16,10,6,0.542396,0.001201,0.542630,0.433063,0.057379,0.051190,0.542750
16,10,6,0.542008,0.001082,0.542246,0.429768,0.058923,0.052577,0.542363
16,10,6,0.542390,0.001076,0.542627,0.433230,0.057411,0.051031,0.542744
16,10,6,0.541002,0.000986,0.541239,0.431952,0.057271,0.051097,0.541314
16,10,6,0.540972,0.001053,0.541212,0.430938,0.058104,0.051151,0.541283
16,10,6,0.543509,0.001075,0.543752,0.431906,0.058574,0.052198,0.543869
16,10,6,0.543876,0.001012,0.544116,0.434628,0.057474,0.051034,0.544235
16,10,6,0.554625,0.014157,0.554870,0.430813,0.057479,0.051100,0.554983
16,10,6,0.541708,0.001033,0.541943,0.432067,0.057473,0.051296,0.542067

16,11,5,0.475954,0.014724,0.476232,0.332755,0.081965,0.060721,0.476355
16,11,5,0.456485,0.001325,0.456767,0.327125,0.068128,0.060728,0.456894
16,11,5,0.460879,0.001267,0.461159,0.331389,0.068472,0.060573,0.461233
16,11,5,0.460922,0.001309,0.461202,0.331642,0.067997,0.060606,0.461323
16,11,5,0.457636,0.001562,0.457917,0.325998,0.069874,0.061193,0.458033
16,11,5,0.458371,0.001487,0.458654,0.328716,0.068581,0.060576,0.458772
16,11,5,0.457742,0.001288,0.458023,0.321023,0.071743,0.064390,0.458140
16,11,5,0.458000,0.001272,0.458284,0.328393,0.068413,0.060697,0.458407
16,11,5,0.419915,0.001282,0.420199,0.301121,0.062766,0.055539,0.420275
16,11,5,0.456704,0.001235,0.456987,0.327340,0.068231,0.060636,0.457113

16,12,4,0.449410,0.012805,0.449752,0.271545,0.086683,0.078019,0.449875
16,12,4,0.438942,0.001354,0.439289,0.278425,0.084577,0.075608,0.439408
16,12,4,0.438457,0.001451,0.438799,0.278143,0.084397,0.075580,0.438921
16,12,4,0.438129,0.001317,0.438475,0.277646,0.084421,0.075710,0.438598
16,12,4,0.368452,0.001439,0.368799,0.233399,0.071446,0.063366,0.368920
16,12,4,0.447415,0.008009,0.447760,0.277627,0.084428,0.075448,0.447882
16,12,4,0.354889,0.001411,0.355233,0.224469,0.068780,0.061242,0.355354
16,12,4,0.405163,0.001487,0.405506,0.257179,0.077935,0.069628,0.405632
16,12,4,0.439197,0.001387,0.439540,0.278443,0.084467,0.075948,0.439668
16,12,4,0.439122,0.001593,0.439468,0.276449,0.086219,0.076027,0.439588

16,13,3,0.433910,0.003879,0.434356,0.216663,0.113698,0.102061,0.434477
16,13,3,0.432937,0.002934,0.433388,0.218717,0.113117,0.101027,0.433504
16,13,3,0.431635,0.002921,0.432093,0.217760,0.112834,0.100892,0.432213
16,13,3,0.433602,0.002891,0.434051,0.219403,0.113041,0.101022,0.434167
16,13,3,0.440580,0.012305,0.441028,0.216027,0.113184,0.100722,0.441143
16,13,3,0.432928,0.002796,0.433378,0.218857,0.112845,0.101076,0.433450
16,13,3,0.432504,0.002759,0.432953,0.211961,0.115707,0.104686,0.433086
16,13,3,0.433233,0.002881,0.433680,0.218750,0.113054,0.101134,0.433797
16,13,3,0.432013,0.003160,0.432462,0.217733,0.113211,0.100837,0.432579
16,13,3,0.433776,0.003033,0.434222,0.219426,0.113129,0.100965,0.434338

16,14,2,0.347484,0.001004,0.348152,0.032810,0.164859,0.149972,0.348269
16,14,2,0.349069,0.000935,0.349735,0.034071,0.165274,0.149821,0.349852
16,14,2,0.348538,0.000968,0.349197,0.033617,0.164877,0.150227,0.349320
16,14,2,0.349546,0.000987,0.350210,0.034305,0.165412,0.149936,0.350334
16,14,2,0.355015,0.008908,0.355679,0.030291,0.165989,0.150657,0.355800
16,14,2,0.349209,0.000973,0.349873,0.033548,0.165061,0.150697,0.349996
16,14,2,0.347967,0.000913,0.348627,0.032517,0.165051,0.150536,0.348744
16,14,2,0.349000,0.000934,0.349662,0.032576,0.165878,0.150649,0.349784
16,14,2,0.348303,0.001011,0.348965,0.031522,0.166358,0.150499,0.349087
16,14,2,0.357846,0.012641,0.358511,0.028939,0.167342,0.150605,0.358644

16,15,1,0.627484,0.209895,0.628779,0.002024,0.328549,0.297886,0.628904
16,15,1,0.628165,0.209873,0.629460,0.002265,0.328453,0.298400,0.629584
16,15,1,0.627981,0.210468,0.629283,0.002207,0.329002,0.297741,0.629404
16,15,1,0.627450,0.208879,0.628747,0.002527,0.328100,0.297759,0.628872
16,15,1,0.626539,0.209103,0.627824,0.002108,0.327709,0.297708,0.627954
16,15,1,0.567317,0.190087,0.568610,0.002784,0.296893,0.268619,0.568741
16,15,1,0.628250,0.210417,0.629553,0.002622,0.328691,0.297902,0.629674
16,15,1,0.582581,0.194356,0.583871,0.001909,0.305076,0.276554,0.583996
16,15,1,0.628014,0.210049,0.629320,0.002586,0.328680,0.297703,0.629442
16,15,1,0.626916,0.208573,0.628218,0.002160,0.328130,0.297588,0.628291

