total_threads iteration_threads transfer_threads iteration_time iteration_idle_time transfer_time transfer_idle_time DRAM_to_NVM_time Analyse_time Total time
2,1,1,116.986832,0.003106,116.988393,91.561182,8.985675,16.432744,116.988519

3,1,2,116.019556,0.005080,116.020346,103.106687,4.608276,8.293246,116.020465

3,2,1,63.217668,0.008593,63.219199,36.995507,9.212465,17.000687,63.219319

4,1,3,116.788505,0.005196,116.789063,108.050000,3.168976,5.558587,116.789179

4,2,2,63.310987,0.008388,63.311779,49.972358,4.745745,8.581258,63.311900

4,3,1,45.897471,0.007330,45.899041,19.055868,9.421016,17.411622,45.899184

5,1,4,116.302815,0.006256,116.303213,109.672557,2.384289,4.232594,116.303335

5,2,3,62.588726,0.008992,62.589254,53.833724,3.156904,5.586140,62.589371

5,3,2,45.145993,0.007312,45.146787,31.898732,4.709976,8.524892,45.146913

5,4,1,35.614915,0.007309,35.615065,9.067838,9.315281,17.220527,35.615185

6,1,5,117.060613,0.005462,117.060934,111.745476,1.907199,3.391835,117.061063

6,2,4,62.112929,0.008363,62.113328,55.452388,2.407097,4.239477,62.113446

6,3,3,44.554175,0.008466,44.554706,35.747087,3.150125,5.645331,44.554828

6,4,2,35.438879,0.007448,35.439675,22.202467,4.699457,8.524004,35.439797

6,5,1,29.695540,0.008586,29.695926,3.217424,9.317123,17.149315,29.696046

7,1,6,117.742493,0.004955,117.742767,113.252816,1.597885,2.872511,117.742892

7,2,5,62.758425,0.008924,62.758746,57.401212,1.923781,3.416761,62.758880

7,3,4,44.491125,0.007256,44.491524,37.821130,2.394354,4.261825,44.491644

7,4,3,34.894561,0.009158,34.895091,26.054597,3.169127,5.658669,34.895165

7,5,2,29.616677,0.008546,29.617470,16.240142,4.755927,8.607942,29.617600

7,6,1,26.683219,1.243407,26.683231,0.005763,9.365439,17.300131,26.683358

8,1,7,120.433742,0.004377,120.433978,116.379760,1.429921,2.602066,120.434109

8,2,6,64.235683,0.008626,64.235977,59.397419,1.715957,3.102713,64.236105

8,3,5,45.278400,0.007503,45.278753,39.708926,1.991895,3.561372,45.278874

8,4,4,35.890024,0.007399,35.890462,28.980445,2.475418,4.420504,35.890586

8,5,3,30.409683,0.009445,30.410250,21.070487,3.341658,5.985394,30.410324

8,6,2,26.251080,0.007808,26.251959,12.278970,5.001532,8.956992,26.252088

8,7,1,27.961936,4.694952,27.962058,0.003627,9.774300,18.172870,27.962185

9,1,8,124.051308,0.007533,124.051536,120.290648,1.317389,2.416428,124.051657

9,2,7,66.196980,0.009767,66.197236,61.973157,1.489795,2.710413,66.197361

9,3,6,46.568992,0.007793,46.569291,41.707824,1.725568,3.112181,46.569366

9,4,5,36.646290,0.008274,36.646646,30.856867,2.065047,3.707137,36.646769

9,5,4,30.347816,0.008598,30.348257,23.033674,2.611217,4.688697,30.348377

9,6,3,26.370059,0.011699,26.370645,16.773167,3.435188,6.146374,26.370773

9,7,2,23.588032,0.007928,23.588900,9.148607,5.130419,9.296276,23.589025

9,8,1,28.949911,8.089176,28.950189,0.003165,10.042835,18.893219,28.950310

10,1,9,124.458028,0.007695,124.458236,121.067002,1.179950,2.182209,124.458367

10,2,8,66.149397,0.007338,66.149622,62.394826,1.318511,2.410114,66.149745

10,3,7,46.728139,0.007723,46.728399,42.506871,1.494638,2.703082,46.728525

10,4,6,36.993126,0.007203,36.993428,32.069806,1.749228,3.154252,36.993502

10,5,5,29.788388,0.008960,29.788742,23.982109,2.073019,3.716763,29.788865

10,6,4,25.989230,0.008491,25.989678,18.783354,2.574538,4.617413,25.989803

10,7,3,22.869378,0.010680,22.869964,13.274972,3.420676,6.161200,22.870082

10,8,2,20.885042,0.041595,20.885910,6.249773,5.189293,9.433526,20.886035

10,9,1,29.158026,10.522844,29.158390,0.002854,10.102929,19.042280,29.158515

11,1,10,124.716649,0.007344,124.716837,121.632943,1.063975,1.986891,124.716957

11,2,9,65.892790,0.009063,65.892995,62.476841,1.188717,2.198027,65.893164

11,3,8,47.760013,0.007980,47.760243,43.866298,1.362963,2.504756,47.760364

11,4,7,36.635538,0.008445,36.635797,32.319060,1.518065,2.774322,36.635922

11,5,6,30.041021,0.009039,30.041320,25.147577,1.737613,3.135385,30.041439

11,6,5,26.395165,0.008302,26.395523,20.580172,2.075166,3.722908,26.395652

11,7,4,23.142024,0.009321,23.142466,15.802631,2.622916,4.702190,23.142588

11,8,3,20.207318,0.013231,20.207910,10.569796,3.439028,6.182131,20.207981

11,9,2,18.608535,0.008042,18.608643,4.092406,5.165955,9.334519,18.608756

11,10,1,29.156597,12.262606,29.157107,0.002800,10.089960,19.053225,29.157178

12,1,11,128.933998,0.005222,128.934189,125.937558,1.017385,1.941733,128.934314

12,2,10,68.715284,0.006912,68.715492,65.390212,1.141042,2.150099,68.715614

12,3,9,48.351128,0.007548,48.351334,44.770422,1.245206,2.304626,48.351459

12,4,8,37.726202,0.007500,37.726432,33.658125,1.417091,2.623850,37.726553

12,5,7,31.055473,0.008766,31.055760,26.547947,1.590868,2.892449,31.055837

12,6,6,26.528086,0.008257,26.528390,21.330074,1.835871,3.341599,26.528507

12,7,5,23.728923,0.007917,23.729285,17.629495,2.165344,3.917061,23.729412

12,8,4,20.776168,0.009215,20.776615,13.195402,2.697117,4.868923,20.776733

12,9,3,18.817580,0.010086,18.818224,8.681036,3.613568,6.508632,18.818347

12,10,2,17.349290,0.007334,17.349496,2.235610,5.364834,9.735147,17.349619

12,11,1,30.291127,14.347955,30.291631,0.002682,10.514862,19.765231,30.291757

13,1,12,133.900308,0.007596,133.900487,130.905994,1.008171,1.944209,133.900609

13,2,11,70.698802,0.010110,70.698993,67.531760,1.075892,2.053391,70.699067

13,3,10,50.286926,0.008331,50.287135,46.839279,1.183338,2.228943,50.287257

13,4,9,39.351280,0.007481,39.351509,35.608781,1.299515,2.411458,39.351630

13,5,8,32.260100,0.008955,32.260478,28.091291,1.453642,2.686616,32.260607

13,6,7,27.687043,0.010284,27.687331,22.902222,1.673437,3.086777,27.687457

13,7,6,24.193318,0.009100,24.193651,18.716620,1.926901,3.526813,24.193772

13,8,5,21.587164,0.009889,21.587759,14.798594,2.382019,4.390150,21.587883

13,9,4,19.345318,0.010372,19.345811,11.271078,2.869726,5.189149,19.345937

13,10,3,17.468123,0.010229,17.468766,6.799723,3.792419,6.862010,17.468887

13,11,2,16.630953,0.009447,16.631222,0.680339,5.656424,10.279818,16.631347

13,12,1,31.758550,16.612576,31.759156,0.002567,11.052518,20.693269,31.759276

14,1,13,134.680932,0.005678,134.681105,131.850777,0.937652,1.845406,134.681231

14,2,12,70.815301,0.008166,70.815479,67.865123,0.990412,1.917851,70.815601

14,3,11,50.235862,0.008179,50.236056,47.070205,1.079887,2.045825,50.236134

14,4,10,38.813332,0.007719,38.813543,35.390404,1.176734,2.211100,38.813666

14,5,9,32.094263,0.009643,32.094500,28.311749,1.309503,2.441841,32.094623

14,6,8,27.563429,0.009176,27.563688,23.362482,1.461457,2.709196,27.563809

14,7,7,24.144951,0.009958,24.145249,19.485298,1.642646,2.992262,24.145373

14,8,6,21.361914,0.009231,21.362269,15.984537,1.898603,3.457805,21.362388

14,9,5,19.277660,0.009562,19.278048,12.844281,2.273917,4.141738,19.278166

14,10,4,17.495543,0.009360,17.496020,9.519816,2.829699,5.130494,17.496141

14,11,3,16.080094,0.011046,16.080752,5.450455,3.789554,6.827818,16.080872

14,12,2,15.891939,0.752369,15.892883,0.010912,5.614223,10.254624,15.893003

14,13,1,31.725811,17.731715,31.726470,0.002608,11.052579,20.660513,31.726593

15,1,14,133.787342,0.007122,133.787505,131.112263,0.888330,1.737939,133.787629

