2 1 1 1.467857 0.000065 1.468823 0.964095 0.264810 0.239640 1.468952
2 1 1 1.469971 0.000050 1.471037 0.962591 0.266254 0.241963 1.471166
2 1 1 1.469112 0.000073 1.470268 0.960840 0.267210 0.241955 1.470389
2 1 1 1.454381 0.000070 1.455353 0.952342 0.263737 0.239022 1.455478
2 1 1 1.459668 0.000063 1.460724 0.954697 0.265077 0.240690 1.460845
2 1 1 1.480192 0.000061 1.481245 0.965768 0.270039 0.245165 1.481362
2 1 1 1.441687 0.000037 1.442711 0.944275 0.260692 0.237504 1.442828
2 1 1 1.438714 0.000044 1.439780 0.942286 0.260571 0.236670 1.439904
2 1 1 1.454207 0.000046 1.455203 0.954966 0.262172 0.237793 1.455327
2 1 1 1.462880 0.000045 1.463957 0.960124 0.264025 0.239525 1.464080

3 1 2 1.476157 0.000049 1.476720 1.217276 0.136699 0.122339 1.476839
3 1 2 1.479404 0.000060 1.479939 1.219101 0.137636 0.122798 1.480059
3 1 2 1.483255 0.000061 1.483789 1.222568 0.137742 0.123037 1.483911
3 1 2 1.465437 0.000074 1.465982 1.208941 0.135453 0.121160 1.466103
3 1 2 1.468817 0.000067 1.469338 1.211741 0.135734 0.121397 1.469463
3 1 2 1.477180 0.000049 1.477702 1.205015 0.142537 0.129733 1.477831
3 1 2 1.476549 0.000057 1.477071 1.217343 0.136851 0.122472 1.477193
3 1 2 1.524979 0.000088 1.525565 1.257271 0.141468 0.126378 1.525684
3 1 2 1.565984 0.000051 1.566572 1.289151 0.145976 0.130919 1.566696
3 1 2 1.571100 0.000053 1.571683 1.292114 0.147252 0.131866 1.571806

3 2 1 0.901515 0.000494 0.902543 0.374633 0.276301 0.251300 0.902662
3 2 1 0.882823 0.000438 0.883881 0.370965 0.268437 0.244180 0.884008
3 2 1 0.893351 0.000431 0.894415 0.374355 0.272473 0.247296 0.894530
3 2 1 0.892043 0.000430 0.893106 0.375156 0.271037 0.246624 0.893227
3 2 1 0.884892 0.000408 0.885949 0.371324 0.269527 0.244802 0.886075
3 2 1 0.889744 0.000402 0.890808 0.371839 0.271623 0.247039 0.890932
3 2 1 0.885223 0.000460 0.886256 0.372105 0.269200 0.244651 0.886379
3 2 1 0.880895 0.000465 0.881921 0.370023 0.267953 0.243613 0.882038
3 2 1 0.885714 0.000439 0.886739 0.372693 0.269414 0.244361 0.886864
3 2 1 0.887423 0.000426 0.888480 0.371715 0.270754 0.245736 0.888599

4 1 3 1.475945 0.000547 1.476297 1.296745 0.096319 0.082736 1.476420
4 1 3 1.477425 0.000664 1.477784 1.297713 0.096613 0.082942 1.477906
4 1 3 1.475287 0.000534 1.475646 1.295727 0.096651 0.082789 1.475775
4 1 3 1.474464 0.000437 1.474825 1.295546 0.095381 0.083378 1.474942
4 1 3 1.471371 0.000461 1.471722 1.293657 0.095239 0.082292 1.471846
4 1 3 1.469209 0.000278 1.469570 1.292073 0.094831 0.082153 1.469692
4 1 3 1.471297 0.000520 1.471848 1.275946 0.103194 0.092206 1.471968
4 1 3 1.480944 0.000446 1.481305 1.301150 0.096686 0.082940 1.481432
4 1 3 1.483251 0.000493 1.483616 1.304076 0.095886 0.083155 1.483735
4 1 3 1.481740 0.000472 1.482099 1.302661 0.095989 0.082994 1.482223

4 2 2 0.882891 0.000060 0.883426 0.620548 0.138865 0.123511 0.883497
4 2 2 0.886644 0.000072 0.887182 0.623583 0.138754 0.124326 0.887303
4 2 2 0.883144 0.000055 0.883683 0.621439 0.137955 0.123893 0.883805
4 2 2 0.888961 0.000076 0.889512 0.626832 0.138344 0.123863 0.889642
4 2 2 0.882388 0.000074 0.882937 0.621032 0.137534 0.123873 0.883068
4 2 2 0.886503 0.000072 0.887047 0.624806 0.138143 0.123655 0.887167
4 2 2 0.889867 0.000066 0.890405 0.626983 0.138407 0.124519 0.890523
4 2 2 0.886519 0.000073 0.887057 0.623807 0.138603 0.124132 0.887179
4 2 2 0.889169 0.000066 0.889754 0.626148 0.138725 0.124390 0.889876
4 2 2 0.889246 0.000057 0.889792 0.625999 0.138731 0.124568 0.889914

4 3 1 0.714264 0.000811 0.715327 0.192818 0.273647 0.248563 0.715455
4 3 1 0.711207 0.000805 0.712263 0.192395 0.272175 0.247423 0.712383
4 3 1 0.708562 0.000845 0.709624 0.192808 0.270228 0.246286 0.709747
4 3 1 0.713523 0.000854 0.714572 0.193475 0.272767 0.248043 0.714697
4 3 1 0.708739 0.000811 0.709806 0.191670 0.271007 0.246852 0.709930
4 3 1 0.709870 0.000852 0.710929 0.190522 0.272724 0.247391 0.711051
4 3 1 0.707520 0.000811 0.708553 0.192214 0.270238 0.245802 0.708675
4 3 1 0.706934 0.000767 0.707994 0.189177 0.271767 0.246733 0.708116
4 3 1 0.708835 0.000848 0.709901 0.189149 0.272638 0.247810 0.710027
4 3 1 0.707965 0.000789 0.709025 0.191232 0.271158 0.246341 0.709147

5 1 4 1.478195 0.000065 1.478468 1.343545 0.071889 0.062465 1.478588
5 1 4 1.468128 0.000068 1.468402 1.333815 0.071427 0.062608 1.468519
5 1 4 1.469557 0.000075 1.469829 1.334958 0.071601 0.062663 1.469952
5 1 4 1.469084 0.000050 1.469365 1.334411 0.071718 0.062635 1.469483
5 1 4 1.468980 0.000075 1.469252 1.334772 0.071296 0.062586 1.469377
5 1 4 1.467397 0.000042 1.467672 1.333332 0.071306 0.062427 1.467792
5 1 4 1.468468 0.000067 1.468742 1.334163 0.071508 0.062503 1.468866
5 1 4 1.465537 0.000069 1.465810 1.331369 0.071478 0.062348 1.465880
5 1 4 1.467734 0.000054 1.468007 1.333539 0.071414 0.062457 1.468126
5 1 4 1.465759 0.000067 1.466038 1.331385 0.071606 0.062464 1.466156

5 2 3 0.877245 0.001702 0.877607 0.697626 0.095822 0.083626 0.877734
5 2 3 0.879448 0.001743 0.879843 0.698966 0.096426 0.083910 0.879967
5 2 3 0.882565 0.001396 0.882928 0.701579 0.096958 0.083835 0.883048
5 2 3 0.878749 0.001684 0.879111 0.698852 0.096098 0.083683 0.879231
5 2 3 0.877526 0.001908 0.877888 0.695634 0.097933 0.083468 0.877960
5 2 3 0.880895 0.001755 0.881256 0.700524 0.096344 0.083859 0.881377
5 2 3 0.880124 0.001414 0.880521 0.663682 0.112877 0.103471 0.880641
5 2 3 0.883320 0.001773 0.883682 0.703448 0.096180 0.083557 0.883803
5 2 3 0.875393 0.001369 0.875757 0.695614 0.096105 0.083504 0.875879
5 2 3 0.878232 0.001771 0.878596 0.697687 0.097084 0.083322 0.878721

5 3 2 0.706081 0.000056 0.706627 0.442184 0.139221 0.124684 0.706750
5 3 2 0.705990 0.000061 0.706532 0.443159 0.138477 0.124388 0.706659
5 3 2 0.706530 0.000062 0.707071 0.444258 0.138129 0.124272 0.707199
5 3 2 0.704488 0.000076 0.705037 0.442218 0.138036 0.124267 0.705158
5 3 2 0.708024 0.000057 0.708565 0.443970 0.138802 0.125288 0.708695
5 3 2 0.705485 0.000064 0.706024 0.443270 0.138294 0.124045 0.706097
5 3 2 0.711139 0.000072 0.711681 0.444411 0.140990 0.125787 0.711799
5 3 2 0.706847 0.000064 0.707385 0.443279 0.139005 0.124589 0.707507
5 3 2 0.707985 0.000084 0.708526 0.444440 0.138644 0.125002 0.708651
5 3 2 0.705640 0.000067 0.706182 0.442139 0.139074 0.124439 0.706307

5 4 1 0.578552 0.001092 0.579616 0.056735 0.273905 0.248647 0.579790
5 4 1 0.577558 0.001084 0.578616 0.056233 0.273841 0.248254 0.578733
5 4 1 0.583275 0.001129 0.584340 0.060189 0.274869 0.249003 0.584469
5 4 1 0.582670 0.001104 0.583731 0.062262 0.273524 0.247648 0.583850
5 4 1 0.578578 0.001209 0.579646 0.056945 0.273609 0.248780 0.579770
5 4 1 0.582852 0.001088 0.583913 0.060375 0.274001 0.249221 0.584039
5 4 1 0.579992 0.001148 0.581107 0.058901 0.273556 0.248347 0.581246
5 4 1 0.580164 0.001077 0.581233 0.059055 0.273171 0.248697 0.581360
5 4 1 0.577969 0.001142 0.579027 0.057899 0.273360 0.247432 0.579145
5 4 1 0.578117 0.001076 0.579182 0.056752 0.273895 0.248239 0.579307

6 1 5 1.505782 0.000059 1.506005 1.394627 0.059222 0.051483 1.506130
6 1 5 1.470270 0.000042 1.470507 1.361140 0.058301 0.050362 1.470629
6 1 5 1.489369 0.000049 1.489632 1.377660 0.060097 0.051204 1.489755
6 1 5 1.502344 0.000047 1.502586 1.390558 0.059646 0.051715 1.502705
6 1 5 1.470086 0.000061 1.470307 1.359853 0.059205 0.050561 1.470426
6 1 5 1.469494 0.000033 1.469735 1.360148 0.058450 0.050466 1.469852
6 1 5 1.487170 0.000075 1.487445 1.365422 0.063958 0.057354 1.487517
6 1 5 1.509918 0.000072 1.510141 1.398272 0.059667 0.051534 1.510214
6 1 5 1.471676 0.000074 1.471900 1.362079 0.058803 0.050347 1.472025
6 1 5 1.471377 0.000078 1.471616 1.362253 0.058197 0.050478 1.471689

6 2 4 0.870151 0.000279 0.870425 0.735711 0.071212 0.062835 0.870548
6 2 4 0.902431 0.000201 0.902704 0.762403 0.074320 0.065332 0.902828
6 2 4 0.880091 0.000191 0.880366 0.744358 0.071941 0.063530 0.880438
6 2 4 0.881090 0.000344 0.881389 0.745116 0.072284 0.063335 0.881456
6 2 4 0.877349 0.000388 0.877622 0.741041 0.072515 0.063493 0.877750
6 2 4 0.906730 0.000215 0.907005 0.765761 0.075121 0.065553 0.907064
6 2 4 0.888736 0.000175 0.889034 0.751935 0.072394 0.064041 0.889156
6 2 4 0.904649 0.000275 0.904965 0.764442 0.074419 0.065505 0.905088
6 2 4 0.904124 0.000113 0.904397 0.764452 0.074042 0.065264 0.904515
6 2 4 0.892302 0.000250 0.892577 0.753224 0.073909 0.064847 0.892653

6 3 3 0.719373 0.002208 0.719739 0.534038 0.098598 0.086134 0.719861
6 3 3 0.713531 0.002126 0.713895 0.529720 0.097864 0.085019 0.714018
6 3 3 0.731810 0.015074 0.732209 0.534150 0.097867 0.085064 0.732332
6 3 3 0.705773 0.002244 0.706159 0.523784 0.097233 0.084599 0.706262
6 3 3 0.705352 0.002011 0.705723 0.524541 0.096582 0.084012 0.705841
6 3 3 0.726590 0.002197 0.726956 0.538915 0.100240 0.087222 0.727078
6 3 3 0.727742 0.003241 0.728140 0.535799 0.101470 0.087727 0.728266
6 3 3 0.726246 0.002140 0.726610 0.539450 0.099395 0.087240 0.726732
6 3 3 0.713616 0.002139 0.713980 0.530401 0.097974 0.085046 0.714049
6 3 3 0.717958 0.002191 0.718324 0.530817 0.099736 0.087220 0.718403

6 4 2 0.573078 0.000302 0.573620 0.307897 0.139420 0.125790 0.573740
6 4 2 0.589764 0.000272 0.590304 0.317799 0.142863 0.129123 0.590430
6 4 2 0.573884 0.000357 0.574424 0.309718 0.138915 0.125216 0.574546
6 4 2 0.582604 0.000270 0.583159 0.314740 0.140689 0.127274 0.583283
6 4 2 0.578179 0.000261 0.578717 0.310946 0.140227 0.126940 0.578839
6 4 2 0.578702 0.000526 0.579240 0.310931 0.140815 0.127003 0.579363
6 4 2 0.580372 0.000473 0.580962 0.310955 0.142879 0.126604 0.581081
6 4 2 0.590969 0.000300 0.591509 0.317407 0.143492 0.130091 0.591628
6 4 2 0.589234 0.000330 0.589775 0.317435 0.142846 0.129037 0.589898
6 4 2 0.591772 0.001091 0.592310 0.317476 0.143278 0.128551 0.592427

6 5 1 0.621190 0.001094 0.622253 0.088658 0.280075 0.253222 0.622378
6 5 1 0.635647 0.001082 0.636715 0.088736 0.287691 0.259981 0.636831
6 5 1 0.610047 0.001172 0.611116 0.086451 0.275884 0.248496 0.611235
6 5 1 0.616651 0.001002 0.617720 0.086512 0.280141 0.250781 0.617846
6 5 1 0.613171 0.001079 0.614294 0.088764 0.276264 0.248968 0.614424
6 5 1 0.610841 0.001022 0.611907 0.085542 0.276210 0.249874 0.612034
6 5 1 0.624284 0.001016 0.625371 0.085312 0.282823 0.256948 0.625491
6 5 1 0.619484 0.001088 0.620634 0.089400 0.279004 0.251935 0.620765
6 5 1 0.615861 0.001132 0.616928 0.087817 0.278261 0.250531 0.617044
6 5 1 0.631366 0.001775 0.632514 0.088193 0.286855 0.257158 0.632636

7 1 6 1.542553 0.000043 1.542756 1.445411 0.051528 0.045003 1.542876
7 1 6 1.537180 0.000057 1.537367 1.439505 0.052165 0.044892 1.537487
7 1 6 1.584236 0.000061 1.584439 1.483902 0.053269 0.046463 1.584564
7 1 6 1.555056 0.000053 1.555258 1.454576 0.053698 0.046229 1.555384
7 1 6 1.544929 0.000073 1.545132 1.446753 0.052073 0.045482 1.545250
7 1 6 1.528376 0.000069 1.528579 1.431938 0.051296 0.044561 1.528709
7 1 6 1.526811 0.000059 1.526999 1.431276 0.050888 0.044035 1.527118
7 1 6 1.534893 0.000047 1.535080 1.437627 0.051806 0.044816 1.535198
7 1 6 1.500386 0.000058 1.500657 1.401921 0.051956 0.045960 1.500779
7 1 6 1.508475 0.000050 1.508679 1.413948 0.050150 0.043777 1.508794

7 2 5 0.921200 0.000257 0.921443 0.804332 0.062436 0.053977 0.921563
7 2 5 0.924628 0.000787 0.924849 0.807965 0.062256 0.053921 0.924917
7 2 5 0.920004 0.000154 0.920248 0.804293 0.061530 0.053698 0.920367
7 2 5 0.892356 0.000123 0.892598 0.780641 0.059492 0.051764 0.892674
7 2 5 0.903248 0.000181 0.903469 0.790132 0.060014 0.052603 0.903592
7 2 5 0.915832 0.000121 0.916074 0.800720 0.061087 0.053521 0.916197
7 2 5 0.873294 0.000223 0.873515 0.764357 0.057804 0.050695 0.873631
7 2 5 0.895840 0.000161 0.896106 0.783563 0.059645 0.052226 0.896227
7 2 5 0.936998 0.000175 0.937239 0.818913 0.062675 0.054925 0.937356
7 2 5 0.889995 0.000196 0.890217 0.778466 0.059204 0.051801 0.890339

7 3 4 0.742403 0.000569 0.742706 0.597942 0.076508 0.067609 0.742832
7 3 4 0.721499 0.000558 0.721799 0.581284 0.074320 0.065539 0.721919
7 3 4 0.733464 0.000638 0.733765 0.588847 0.077036 0.067207 0.733888
7 3 4 0.712297 0.000598 0.712574 0.573445 0.073669 0.064802 0.712691
7 3 4 0.747918 0.000899 0.748220 0.598943 0.078821 0.069792 0.748340
7 3 4 0.742723 0.000671 0.743026 0.598061 0.076983 0.067342 0.743149
7 3 4 0.718890 0.000524 0.719194 0.580562 0.073441 0.064542 0.719316
7 3 4 0.706749 0.000610 0.707026 0.566952 0.074389 0.065021 0.707150
7 3 4 0.718715 0.000674 0.719013 0.578411 0.074688 0.065283 0.719131
7 3 4 0.735230 0.000707 0.735533 0.591369 0.076404 0.067149 0.735605

7 4 3 0.587050 0.002287 0.587414 0.398769 0.100392 0.087417 0.587532
7 4 3 0.595288 0.004629 0.595692 0.401489 0.101238 0.088903 0.595813
7 4 3 0.590489 0.002357 0.590855 0.401989 0.100316 0.087987 0.590977
7 4 3 0.594831 0.002489 0.595199 0.404365 0.101083 0.089162 0.595320
7 4 3 0.595950 0.002234 0.596315 0.406639 0.100341 0.088770 0.596383
7 4 3 0.592719 0.001805 0.593120 0.403987 0.100506 0.088107 0.593241
7 4 3 0.594357 0.002260 0.594756 0.403937 0.101404 0.088825 0.594870
7 4 3 0.594378 0.002107 0.594773 0.404699 0.100704 0.088748 0.594897
7 4 3 0.598567 0.002561 0.598931 0.406890 0.102147 0.089309 0.599051
7 4 3 0.597611 0.003119 0.598009 0.404658 0.101189 0.089520 0.598135

7 5 2 0.634616 0.000230 0.635208 0.351514 0.148761 0.134437 0.635330
7 5 2 0.627721 0.002304 0.628269 0.346536 0.145511 0.132004 0.628388
7 5 2 0.619772 0.000232 0.620314 0.344048 0.144368 0.131349 0.620437
7 5 2 0.623165 0.000205 0.623707 0.347953 0.144707 0.130510 0.623827
7 5 2 0.617997 0.000238 0.618536 0.342443 0.144238 0.131277 0.618658
7 5 2 0.645711 0.000239 0.646301 0.358126 0.150893 0.136723 0.646435
7 5 2 0.641613 0.000232 0.642204 0.354475 0.150700 0.136426 0.642331
7 5 2 0.631695 0.000236 0.632285 0.351511 0.147041 0.133212 0.632410
7 5 2 0.607384 0.004621 0.607926 0.336352 0.139158 0.125871 0.608038
7 5 2 0.608725 0.000220 0.609264 0.336496 0.142814 0.129407 0.609387

7 6 1 0.601870 0.001123 0.602936 0.056472 0.287626 0.258529 0.603055
7 6 1 0.600532 0.001122 0.601640 0.054024 0.288474 0.258847 0.601762
7 6 1 0.599255 0.001135 0.600320 0.053775 0.287018 0.259234 0.600447
7 6 1 0.596826 0.001162 0.597893 0.054428 0.285968 0.257231 0.598018
7 6 1 0.602257 0.001188 0.603319 0.054222 0.288429 0.260357 0.603438
7 6 1 0.584310 0.001094 0.585515 0.056828 0.278154 0.250237 0.585640
7 6 1 0.585816 0.001105 0.586881 0.058856 0.277895 0.249821 0.586998
7 6 1 0.598515 0.001170 0.599692 0.056233 0.286003 0.257139 0.599812
7 6 1 0.584854 0.001220 0.585919 0.057456 0.278060 0.250128 0.586034
7 6 1 0.604484 0.001209 0.605669 0.055016 0.289708 0.260653 0.605789

8 1 7 1.572676 0.000065 1.572853 1.486978 0.045312 0.039647 1.572979
8 1 7 1.554070 0.000064 1.554233 1.468244 0.045259 0.039797 1.554352
8 1 7 1.574359 0.000070 1.574537 1.487925 0.045638 0.040013 1.574657
8 1 7 1.578394 0.000065 1.578557 1.491636 0.045823 0.040161 1.578679
8 1 7 1.565879 0.000065 1.566056 1.479602 0.045980 0.039618 1.566178
8 1 7 1.565605 0.000070 1.565783 1.479706 0.045267 0.039902 1.565907
8 1 7 1.577876 0.000070 1.578066 1.491488 0.045617 0.040013 1.578186
8 1 7 1.583402 0.000065 1.583579 1.487675 0.049734 0.045253 1.583705
8 1 7 1.566987 0.000058 1.567163 1.481006 0.045338 0.039829 1.567286
8 1 7 1.569919 0.000076 1.570107 1.484087 0.045291 0.039804 1.570230

8 2 6 0.937172 0.000144 0.937380 0.837464 0.052906 0.046150 0.937503
8 2 6 0.936978 0.000061 0.937182 0.836750 0.053263 0.046331 0.937306
8 2 6 0.937925 0.000131 0.938129 0.837020 0.053396 0.046880 0.938248
8 2 6 0.936030 0.000099 0.936234 0.836254 0.052781 0.046330 0.936356
8 2 6 0.928998 0.000062 0.929202 0.830122 0.052244 0.046051 0.929273
8 2 6 0.938565 0.000101 0.938768 0.838944 0.052734 0.046235 0.938893
8 2 6 0.938668 0.000094 0.938872 0.838712 0.053046 0.046276 0.939003
8 2 6 0.972215 0.000164 0.972439 0.868362 0.055115 0.048090 0.972564
8 2 6 0.963499 0.000075 0.963704 0.860656 0.054424 0.047711 0.963823
8 2 6 0.938201 0.000150 0.938407 0.838522 0.052835 0.046261 0.938529

8 3 5 0.747027 0.000537 0.747273 0.628819 0.062644 0.055089 0.747395
8 3 5 0.756766 0.000518 0.757011 0.637215 0.063408 0.055686 0.757083
8 3 5 0.747394 0.000535 0.747638 0.629375 0.062687 0.054844 0.747758
8 3 5 0.745421 0.000552 0.745668 0.627083 0.062769 0.055068 0.745791
8 3 5 0.746121 0.000531 0.746366 0.627888 0.062830 0.054882 0.746486
8 3 5 0.743528 0.000511 0.743771 0.626263 0.062075 0.054690 0.743890
8 3 5 0.747793 0.000580 0.748038 0.628092 0.063218 0.055956 0.748158
8 3 5 0.745678 0.000507 0.745924 0.627135 0.063039 0.055017 0.746044
8 3 5 0.738520 0.000560 0.738765 0.621662 0.062107 0.054260 0.738880
8 3 5 0.721478 0.000549 0.721739 0.607767 0.060479 0.052710 0.721860

8 4 4 0.583915 0.001014 0.584216 0.443395 0.074368 0.065811 0.584342
8 4 4 0.582196 0.000940 0.582473 0.442253 0.074025 0.065580 0.582595
8 4 4 0.605721 0.000926 0.606022 0.459451 0.077376 0.068558 0.606143
8 4 4 0.600820 0.000748 0.601121 0.456669 0.076160 0.067650 0.601238
8 4 4 0.606452 0.001660 0.606754 0.457001 0.078131 0.068837 0.606874
8 4 4 0.606176 0.001033 0.606490 0.459880 0.077528 0.068414 0.606611
8 4 4 0.605972 0.001006 0.606274 0.459470 0.077813 0.068341 0.606400
8 4 4 0.591581 0.000905 0.591884 0.449484 0.075251 0.066504 0.592003
8 4 4 0.587562 0.000909 0.587843 0.447128 0.074431 0.065703 0.587959
8 4 4 0.606444 0.000901 0.606745 0.460964 0.077028 0.068105 0.606815

8 5 3 0.638081 0.002788 0.638484 0.439649 0.104463 0.092030 0.638605
8 5 3 0.636404 0.002394 0.636811 0.440331 0.103782 0.091470 0.636931
8 5 3 0.619772 0.002192 0.620174 0.429347 0.101153 0.089072 0.620290
8 5 3 0.642721 0.002448 0.643121 0.447410 0.103827 0.091203 0.643243
8 5 3 0.624618 0.001339 0.624985 0.433397 0.101638 0.089413 0.625056
8 5 3 0.624393 0.002526 0.624799 0.432752 0.101808 0.089654 0.624924
8 5 3 0.638537 0.003218 0.638939 0.439314 0.104861 0.091993 0.639058
8 5 3 0.638063 0.002399 0.638464 0.442201 0.103417 0.092246 0.638586
8 5 3 0.628006 0.002401 0.628406 0.436111 0.101495 0.090080 0.628474
8 5 3 0.621647 0.002552 0.622053 0.429094 0.101536 0.090690 0.622169

8 6 2 0.612106 0.000276 0.612700 0.324199 0.151011 0.136925 0.612820
8 6 2 0.610270 0.000278 0.610867 0.322631 0.151062 0.136332 0.610992
8 6 2 0.610211 0.000362 0.610803 0.322846 0.150631 0.136790 0.610925
8 6 2 0.602823 0.000321 0.603415 0.320825 0.147755 0.134238 0.603533
8 6 2 0.598142 0.000473 0.598736 0.320761 0.144843 0.131079 0.598852
8 6 2 0.600623 0.000293 0.601165 0.318891 0.147754 0.133921 0.601288
8 6 2 0.614796 0.000319 0.615390 0.326980 0.151335 0.136548 0.615509
8 6 2 0.614876 0.000335 0.615469 0.327404 0.150850 0.136670 0.615596
8 6 2 0.601463 0.000132 0.602057 0.320246 0.147990 0.133297 0.602178
8 6 2 0.591690 0.001206 0.592289 0.312916 0.144972 0.131553 0.592408

8 7 1 0.555575 0.100198 0.556748 0.001726 0.291943 0.262733 0.556868
8 7 1 0.566893 0.102435 0.567957 0.001639 0.297926 0.268090 0.568077
8 7 1 0.568608 0.102455 0.569785 0.001675 0.298653 0.269140 0.569900
8 7 1 0.547474 0.094624 0.548582 0.001667 0.287529 0.259061 0.548701
8 7 1 0.547831 0.095454 0.548895 0.001650 0.287926 0.259005 0.549005
8 7 1 0.571672 0.106395 0.572864 0.001610 0.300427 0.270498 0.572987
8 7 1 0.569815 0.104386 0.570967 0.001613 0.299345 0.269681 0.571088
8 7 1 0.551873 0.099111 0.553062 0.001536 0.290228 0.260957 0.553180
8 7 1 0.558506 0.097701 0.559684 0.001924 0.293576 0.263853 0.559747
8 7 1 0.550209 0.098018 0.551380 0.001610 0.288909 0.260540 0.551501

9 1 8 1.581209 0.000046 1.581367 1.496940 0.043874 0.039541 1.581483
9 1 8 1.584445 0.000071 1.584605 1.506129 0.040988 0.036475 1.584723
9 1 8 1.587268 0.000069 1.587426 1.510258 0.040373 0.035740 1.587544
9 1 8 1.581116 0.000051 1.581275 1.501719 0.041512 0.036923 1.581403
9 1 8 1.589817 0.000077 1.589975 1.511789 0.041025 0.036118 1.590100
9 1 8 1.579435 0.000054 1.579595 1.502117 0.040631 0.035823 1.579715
9 1 8 1.593246 0.000062 1.593405 1.515461 0.040768 0.036141 1.593484
9 1 8 1.591945 0.000060 1.592102 1.514324 0.040756 0.035918 1.592225
9 1 8 1.590568 0.000055 1.590725 1.513013 0.040771 0.035912 1.590797
9 1 8 1.594492 0.000073 1.594652 1.517128 0.040518 0.035911 1.594776

9 2 7 0.941557 0.000061 0.941734 0.853364 0.046492 0.040919 0.941861
9 2 7 0.936685 0.000057 0.936862 0.849969 0.045707 0.040257 0.936988
9 2 7 0.937123 0.000049 0.937298 0.850737 0.045518 0.040099 0.937422
9 2 7 0.939034 0.000052 0.939212 0.852352 0.045673 0.040256 0.939333
9 2 7 0.940038 0.000054 0.940216 0.853119 0.045853 0.040358 0.940291
9 2 7 0.937586 0.000064 0.937762 0.850914 0.045739 0.040119 0.937879
9 2 7 0.936940 0.000058 0.937117 0.850077 0.045805 0.040302 0.937238
9 2 7 0.937694 0.000074 0.937873 0.851035 0.045720 0.040197 0.937989
9 2 7 0.939599 0.000081 0.939775 0.852974 0.045646 0.040229 0.939896
9 2 7 0.936687 0.000064 0.936863 0.849181 0.046144 0.040611 0.936983

9 3 6 0.747507 0.000515 0.747714 0.647928 0.052705 0.046241 0.747835
9 3 6 0.752471 0.000514 0.752686 0.652313 0.053016 0.046532 0.752806
9 3 6 0.750950 0.000521 0.751159 0.650925 0.053052 0.046295 0.751277
9 3 6 0.747526 0.000526 0.747735 0.646589 0.053813 0.046433 0.747852
9 3 6 0.749430 0.000476 0.749637 0.646804 0.054145 0.047271 0.749705
9 3 6 0.748980 0.000462 0.749193 0.643631 0.055410 0.049276 0.749318
9 3 6 0.748772 0.000535 0.749025 0.648908 0.052825 0.046422 0.749145
9 3 6 0.748098 0.000573 0.748308 0.648469 0.052698 0.046335 0.748427
9 3 6 0.757372 0.000475 0.757581 0.657435 0.052895 0.046410 0.757697
9 3 6 0.744764 0.000541 0.744970 0.643781 0.053458 0.046918 0.745089

9 4 5 0.606856 0.000834 0.607108 0.488227 0.063126 0.054917 0.607228
9 4 5 0.601608 0.000830 0.601854 0.483732 0.062451 0.054929 0.601975
9 4 5 0.603983 0.000890 0.604229 0.485601 0.062631 0.055253 0.604349
9 4 5 0.603615 0.000903 0.603862 0.485307 0.062789 0.055000 0.603982
9 4 5 0.606366 0.000840 0.606611 0.487765 0.062896 0.055109 0.606729
9 4 5 0.603400 0.000814 0.603647 0.484373 0.062562 0.054991 0.603766
9 4 5 0.603079 0.000876 0.603325 0.485107 0.062465 0.054942 0.603443
9 4 5 0.604343 0.000885 0.604590 0.484063 0.064598 0.055214 0.604710
9 4 5 0.604264 0.000840 0.604519 0.486154 0.062604 0.055011 0.604644
9 4 5 0.606141 0.001059 0.606431 0.487957 0.062704 0.055048 0.606554

9 5 4 0.634383 0.000818 0.634692 0.487851 0.077443 0.068588 0.634815
9 5 4 0.633078 0.000896 0.633381 0.484367 0.078563 0.069749 0.633453
9 5 4 0.634615 0.001096 0.634918 0.486398 0.077509 0.068644 0.635040
9 5 4 0.634118 0.000815 0.634421 0.486951 0.077869 0.068874 0.634547
9 5 4 0.633527 0.000878 0.633831 0.471723 0.084492 0.076983 0.633949
9 5 4 0.635042 0.000992 0.635345 0.488208 0.077515 0.068825 0.635468
9 5 4 0.650353 0.013266 0.650656 0.489012 0.078016 0.068408 0.650771
9 5 4 0.638048 0.000891 0.638385 0.490986 0.077822 0.068819 0.638506
9 5 4 0.636207 0.000918 0.636511 0.489325 0.077814 0.068727 0.636630
9 5 4 0.637285 0.000884 0.637591 0.490690 0.077579 0.068585 0.637661

9 6 3 0.610011 0.002257 0.610414 0.413034 0.104912 0.091794 0.610536
9 6 3 0.609954 0.002612 0.610404 0.412437 0.105333 0.092021 0.610526
9 6 3 0.617668 0.008765 0.618067 0.410139 0.105206 0.094503 0.618138
9 6 3 0.610821 0.002230 0.611223 0.409217 0.106661 0.094785 0.611344
9 6 3 0.606863 0.002266 0.607273 0.410189 0.104453 0.091960 0.607343
9 6 3 0.608890 0.002499 0.609288 0.411503 0.105082 0.091640 0.609401
9 6 3 0.609861 0.002445 0.610262 0.413386 0.104358 0.091922 0.610384
9 6 3 0.608494 0.002492 0.608898 0.412303 0.103979 0.091985 0.609016
9 6 3 0.621055 0.002535 0.621453 0.422961 0.105292 0.092587 0.621569
9 6 3 0.612568 0.002183 0.612970 0.414325 0.104406 0.093612 0.613091

9 7 2 0.466602 0.000583 0.467195 0.177801 0.151504 0.137329 0.467314
9 7 2 0.462651 0.000608 0.463248 0.175116 0.150434 0.137163 0.463366
9 7 2 0.469447 0.000618 0.470043 0.179830 0.151110 0.138509 0.470167
9 7 2 0.467197 0.000579 0.467796 0.179915 0.150830 0.136553 0.467867
9 7 2 0.466435 0.002534 0.467029 0.174532 0.151593 0.138186 0.467149
9 7 2 0.461748 0.000597 0.462340 0.174855 0.150334 0.136612 0.462458
9 7 2 0.468096 0.001552 0.468690 0.178228 0.150357 0.137508 0.468808
9 7 2 0.461848 0.000594 0.462466 0.174864 0.150368 0.136710 0.462587
9 7 2 0.444122 0.000578 0.444718 0.169870 0.143652 0.130719 0.444841
9 7 2 0.466801 0.001371 0.467393 0.177183 0.152393 0.137304 0.467516

9 8 1 0.572452 0.103931 0.573640 0.001688 0.300767 0.270822 0.573761
9 8 1 0.571921 0.105930 0.573109 0.001742 0.300198 0.270853 0.573232
9 8 1 0.571005 0.102135 0.572182 0.001685 0.299398 0.270788 0.572297
9 8 1 0.572225 0.103636 0.573401 0.001715 0.300565 0.270777 0.573521
9 8 1 0.585281 0.108369 0.586471 0.002877 0.307001 0.276270 0.586588
9 8 1 0.586901 0.105814 0.588072 0.003104 0.307949 0.276682 0.588172
9 8 1 0.572139 0.105470 0.573319 0.001681 0.300724 0.270585 0.573435
9 8 1 0.571596 0.102087 0.572785 0.001729 0.300481 0.270235 0.572908
9 8 1 0.571669 0.102191 0.572849 0.001700 0.300411 0.270386 0.572965
9 8 1 0.572746 0.102811 0.573928 0.001995 0.300891 0.270701 0.574048

10 1 9 1.582189 0.000086 1.582329 1.511437 0.037361 0.032306 1.582454
10 1 9 1.615658 0.000066 1.615802 1.541709 0.039699 0.033207 1.615927
10 1 9 1.586209 0.000061 1.586352 1.515676 0.037194 0.032383 1.586476
10 1 9 1.612822 0.000072 1.612970 1.541362 0.037394 0.033024 1.613090
10 1 9 1.593223 0.000061 1.593365 1.523041 0.036506 0.032639 1.593483
10 1 9 1.580271 0.000069 1.580412 1.509929 0.036630 0.032655 1.580539
10 1 9 1.581768 0.000087 1.581907 1.505118 0.039552 0.036068 1.582029
10 1 9 1.623451 0.000058 1.623592 1.551755 0.037379 0.033255 1.623711
10 1 9 1.594886 0.000078 1.595027 1.523634 0.037477 0.032678 1.595147
10 1 9 1.611191 0.000079 1.611334 1.533494 0.040046 0.036590 1.611459

10 2 8 0.940512 0.000057 0.940669 0.863513 0.040345 0.035679 0.940788
10 2 8 0.956670 0.000055 0.956842 0.877537 0.041381 0.036845 0.956963
10 2 8 0.938592 0.000067 0.938750 0.860516 0.041328 0.035790 0.938872
10 2 8 0.955054 0.000069 0.955210 0.876468 0.041231 0.036402 0.955285
10 2 8 0.939482 0.000059 0.939640 0.862690 0.040091 0.035789 0.939765
10 2 8 0.941335 0.000087 0.941492 0.864456 0.040203 0.035770 0.941618
10 2 8 0.941515 0.000051 0.941672 0.864206 0.040509 0.035853 0.941789
10 2 8 0.996558 0.000067 0.996811 0.907197 0.046224 0.042274 0.996934
10 2 8 0.944319 0.000066 0.944476 0.866885 0.040601 0.035888 0.944592
10 2 8 0.956135 0.000063 0.956291 0.877377 0.041266 0.036546 0.956410

10 3 7 0.751591 0.000355 0.751771 0.663031 0.046676 0.041061 0.751888
10 3 7 0.768787 0.000300 0.768989 0.679298 0.047083 0.041613 0.769113
10 3 7 0.758880 0.000395 0.759077 0.670933 0.046462 0.040795 0.759203
10 3 7 0.755653 0.000356 0.755838 0.667801 0.046268 0.040766 0.755958
10 3 7 0.779514 0.000349 0.779694 0.688814 0.047631 0.042279 0.779810
10 3 7 0.768565 0.000268 0.768746 0.679444 0.046844 0.041495 0.768867
10 3 7 0.772310 0.000361 0.772492 0.681654 0.047225 0.042650 0.772615
10 3 7 0.763418 0.000355 0.763620 0.672587 0.048911 0.041107 0.763741
10 3 7 0.771685 0.000343 0.771865 0.681802 0.047554 0.041533 0.771981
10 3 7 0.752850 0.000334 0.753032 0.665864 0.045931 0.040268 0.753160

10 4 6 0.618927 0.000904 0.619135 0.515336 0.054432 0.047921 0.619253
10 4 6 0.629435 0.000969 0.629644 0.525532 0.054966 0.048274 0.629716
10 4 6 0.616711 0.000796 0.616918 0.515077 0.053673 0.047292 0.617038
10 4 6 0.631694 0.000822 0.631904 0.526144 0.054967 0.048655 0.631971
10 4 6 0.606620 0.000897 0.606830 0.506325 0.053139 0.046551 0.606948
10 4 6 0.622822 0.000779 0.623029 0.519981 0.054257 0.047805 0.623149
10 4 6 0.607611 0.000782 0.607820 0.507750 0.052720 0.046474 0.607940
10 4 6 0.607764 0.002543 0.607973 0.504761 0.052714 0.046498 0.608097
10 4 6 0.612120 0.000830 0.612332 0.511866 0.052928 0.046659 0.612449
10 4 6 0.604109 0.000713 0.604318 0.504465 0.052583 0.046391 0.604439

10 5 5 0.634953 0.000750 0.635201 0.516343 0.062815 0.055369 0.635316
10 5 5 0.655084 0.002510 0.655358 0.530165 0.064382 0.056884 0.655479
10 5 5 0.637356 0.000945 0.637602 0.518705 0.062773 0.055393 0.637724
10 5 5 0.635263 0.000732 0.635513 0.516482 0.062831 0.055434 0.635638
10 5 5 0.650179 0.000840 0.650425 0.531856 0.062591 0.055247 0.650543
10 5 5 0.641607 0.000805 0.641854 0.522758 0.062907 0.055203 0.641925
10 5 5 0.639167 0.000793 0.639414 0.519911 0.063151 0.055551 0.639532
10 5 5 0.639237 0.000822 0.639482 0.519713 0.063325 0.055565 0.639600
10 5 5 0.635335 0.000794 0.635579 0.516659 0.062886 0.055265 0.635698
10 5 5 0.635853 0.000771 0.636099 0.516849 0.063191 0.055363 0.636171

10 6 4 0.605788 0.000882 0.606239 0.450707 0.081459 0.073253 0.606357
10 6 4 0.612735 0.000998 0.613043 0.463726 0.078783 0.069748 0.613113
10 6 4 0.607356 0.000943 0.607692 0.459872 0.078099 0.069044 0.607815
10 6 4 0.607098 0.000909 0.607404 0.458941 0.078833 0.068809 0.607524
10 6 4 0.606861 0.000854 0.607164 0.457023 0.079107 0.070374 0.607237
10 6 4 0.607815 0.000856 0.608121 0.460736 0.077864 0.068836 0.608238
10 6 4 0.609890 0.000913 0.610196 0.461919 0.078345 0.069251 0.610321
10 6 4 0.605066 0.000813 0.605373 0.458286 0.077669 0.068728 0.605489
10 6 4 0.605263 0.000979 0.605572 0.458430 0.077608 0.068722 0.605690
10 6 4 0.608333 0.000911 0.608642 0.460390 0.078213 0.069392 0.608710

10 7 3 0.463188 0.002543 0.463591 0.266390 0.103765 0.092833 0.463712
10 7 3 0.459876 0.002541 0.460280 0.263873 0.103759 0.091659 0.460402
10 7 3 0.463372 0.006011 0.463773 0.262080 0.105507 0.091874 0.463888
10 7 3 0.463086 0.002332 0.463486 0.266975 0.103397 0.092509 0.463601
10 7 3 0.462516 0.003330 0.462927 0.264860 0.105020 0.092359 0.463043
10 7 3 0.462956 0.002506 0.463359 0.265712 0.104325 0.092736 0.463483
10 7 3 0.460958 0.002725 0.461361 0.265015 0.104087 0.091664 0.461489
10 7 3 0.461319 0.002795 0.461722 0.265545 0.103858 0.091748 0.461844
10 7 3 0.465055 0.005363 0.465459 0.265199 0.103805 0.092049 0.465603
10 7 3 0.458893 0.002780 0.459293 0.262965 0.104086 0.091666 0.459413

10 8 2 0.468800 0.003007 0.469394 0.175292 0.151669 0.138274 0.469467
10 8 2 0.463991 0.000597 0.464586 0.175800 0.150696 0.137506 0.464702
10 8 2 0.464755 0.000591 0.465350 0.175585 0.151344 0.137802 0.465468
10 8 2 0.468670 0.000583 0.469267 0.180773 0.150983 0.136983 0.469339
10 8 2 0.464932 0.000608 0.465533 0.175961 0.151445 0.137565 0.465649
10 8 2 0.468575 0.001577 0.469168 0.175336 0.152138 0.138800 0.469287
10 8 2 0.471598 0.000628 0.472205 0.180385 0.152559 0.138796 0.472330
10 8 2 0.465198 0.002427 0.465790 0.173522 0.151385 0.137324 0.465922
10 8 2 0.467292 0.000556 0.467885 0.176764 0.151938 0.138602 0.468005
10 8 2 0.465244 0.000575 0.465836 0.176130 0.151405 0.137862 0.465963

10 9 1 0.575233 0.127351 0.576407 0.001777 0.302534 0.271756 0.576524
10 9 1 0.574031 0.126850 0.575213 0.001698 0.301839 0.271390 0.575337
10 9 1 0.578460 0.122462 0.579633 0.001693 0.304517 0.273062 0.579750
10 9 1 0.579865 0.129660 0.581049 0.001718 0.305367 0.273634 0.581168
10 9 1 0.573833 0.126366 0.575013 0.001683 0.301733 0.271266 0.575131
10 9 1 0.572548 0.125223 0.573721 0.001644 0.300987 0.270753 0.573841
10 9 1 0.584460 0.098004 0.585681 0.001618 0.307734 0.275987 0.585806
10 9 1 0.575983 0.126958 0.577161 0.001728 0.302523 0.272604 0.577280
10 9 1 0.575216 0.126411 0.576539 0.002142 0.302269 0.271813 0.576658
10 9 1 0.573692 0.126037 0.574872 0.001688 0.301668 0.271201 0.574991

11 1 10 1.634579 0.000048 1.634712 1.568137 0.034378 0.030837 1.634836
11 1 10 1.609403 0.000048 1.609534 1.544210 0.033731 0.030349 1.609610
11 1 10 1.589702 0.000064 1.589836 1.525029 0.033474 0.030008 1.589955
11 1 10 1.614699 0.000061 1.614830 1.549348 0.033882 0.030325 1.614949
11 1 10 1.627157 0.000067 1.627288 1.561263 0.034245 0.030507 1.627410
11 1 10 1.601248 0.000074 1.601378 1.535767 0.034086 0.030155 1.601498
11 1 10 1.591678 0.000071 1.591808 1.527313 0.033365 0.029859 1.591927
11 1 10 1.620967 0.000039 1.621097 1.554564 0.034233 0.030953 1.621223
11 1 10 1.599522 0.000049 1.599655 1.534582 0.033646 0.030115 1.599779
11 1 10 1.611540 0.000036 1.611671 1.544156 0.035092 0.031148 1.611789

11 2 9 0.972725 0.000080 0.972867 0.899173 0.038728 0.033716 0.972981
11 2 9 0.944387 0.000191 0.944529 0.873643 0.036911 0.032734 0.944648
11 2 9 0.943409 0.000067 0.943550 0.873196 0.036608 0.032506 0.943670
11 2 9 0.994529 0.000062 0.994671 0.920329 0.038709 0.034484 0.994792
11 2 9 0.951901 0.000068 0.952042 0.880248 0.037282 0.033243 0.952158
11 2 9 0.977809 0.000094 0.977967 0.905024 0.037878 0.033811 0.978089
11 2 9 1.000808 0.000060 1.000950 0.925899 0.039109 0.034783 1.001077
11 2 9 0.978210 0.000054 0.978351 0.902926 0.040175 0.034002 0.978477
11 2 9 0.965651 0.000053 0.965808 0.893628 0.037637 0.033336 0.965923
11 2 9 0.983204 0.000060 0.983361 0.909767 0.038316 0.034061 0.983478

11 3 8 0.804303 0.001453 0.804481 0.718359 0.043394 0.038545 0.804554
11 3 8 0.772103 0.000363 0.772319 0.692070 0.041985 0.037137 0.772438
11 3 8 0.780022 0.000273 0.780202 0.699358 0.042264 0.037432 0.780322
11 3 8 0.780073 0.000285 0.780253 0.698055 0.042902 0.038181 0.780372
11 3 8 0.783034 0.000227 0.783194 0.700301 0.043150 0.038599 0.783316
11 3 8 0.803190 0.002637 0.803368 0.721906 0.042613 0.037698 0.803486
11 3 8 0.762807 0.000300 0.762968 0.683896 0.041345 0.036633 0.763037
11 3 8 0.762454 0.000352 0.762614 0.683822 0.041229 0.036497 0.762734
11 3 8 0.759357 0.000329 0.759535 0.680682 0.041165 0.036572 0.759656
11 3 8 0.776639 0.000274 0.776805 0.696298 0.042103 0.037271 0.776927

11 4 7 0.619349 0.000654 0.619549 0.527687 0.047793 0.041513 0.619672
11 4 7 0.617555 0.000647 0.617754 0.529490 0.046307 0.040957 0.617872
11 4 7 0.622393 0.000688 0.622576 0.532769 0.046996 0.041781 0.622652
11 4 7 0.629710 0.000643 0.629910 0.538733 0.047216 0.041797 0.630029
11 4 7 0.627044 0.000696 0.627242 0.536716 0.047549 0.041952 0.627364
11 4 7 0.613536 0.000719 0.613719 0.525411 0.046387 0.040965 0.613789
11 4 7 0.639027 0.000716 0.639225 0.547424 0.048268 0.042545 0.639346
11 4 7 0.633798 0.000671 0.633981 0.542660 0.047906 0.042489 0.634053
11 4 7 0.634556 0.000614 0.634738 0.543475 0.047839 0.042445 0.634814
11 4 7 0.630653 0.000649 0.630838 0.540255 0.047657 0.041917 0.630957

11 5 6 0.646595 0.000734 0.646824 0.544640 0.054100 0.047060 0.646894
11 5 6 0.646579 0.000707 0.646789 0.543669 0.053849 0.047359 0.646910
11 5 6 0.648520 0.000766 0.648730 0.546427 0.054118 0.047283 0.648848
11 5 6 0.662184 0.000845 0.662395 0.556477 0.055833 0.049197 0.662516
11 5 6 0.686227 0.000674 0.686455 0.577357 0.057431 0.050777 0.686578
11 5 6 0.665495 0.000895 0.665710 0.560406 0.055520 0.048899 0.665777
11 5 6 0.641130 0.000763 0.641339 0.540005 0.053419 0.047100 0.641407
11 5 6 0.640073 0.000799 0.640284 0.538784 0.053645 0.046914 0.640402
11 5 6 0.686148 0.000730 0.686378 0.575912 0.058904 0.050644 0.686497
11 5 6 0.647480 0.000760 0.647688 0.545779 0.053558 0.047446 0.647812

11 6 5 0.628037 0.000840 0.628290 0.504848 0.065435 0.057148 0.628408
11 6 5 0.617226 0.000870 0.617501 0.496672 0.063827 0.056227 0.617572
11 6 5 0.634962 0.000934 0.635236 0.509829 0.066404 0.058235 0.635356
11 6 5 0.618676 0.000821 0.618926 0.496634 0.064680 0.056746 0.619049
11 6 5 0.623207 0.000882 0.623454 0.501038 0.064597 0.057034 0.623574
11 6 5 0.634070 0.001052 0.634317 0.509742 0.066203 0.057585 0.634390
11 6 5 0.659211 0.000966 0.659483 0.528636 0.069377 0.060674 0.659606
11 6 5 0.614735 0.001111 0.614985 0.491724 0.064692 0.055904 0.615107
11 6 5 0.611102 0.000801 0.611351 0.491353 0.063436 0.055818 0.611475
11 6 5 0.619064 0.000923 0.619314 0.498705 0.063767 0.055942 0.619433

11 7 4 0.464393 0.002039 0.464702 0.314479 0.078052 0.069463 0.464825
11 7 4 0.462210 0.001349 0.462517 0.313420 0.078643 0.069771 0.462630
11 7 4 0.461960 0.001200 0.462268 0.313871 0.078092 0.069491 0.462386
11 7 4 0.463963 0.001259 0.464295 0.315845 0.078095 0.069694 0.464412
11 7 4 0.470210 0.001324 0.470545 0.318914 0.079997 0.070944 0.470661
11 7 4 0.461446 0.001262 0.461753 0.313192 0.078202 0.069521 0.461872
11 7 4 0.477332 0.001290 0.477673 0.323834 0.081359 0.071830 0.477744
11 7 4 0.464960 0.001320 0.465267 0.317061 0.078080 0.069427 0.465390
11 7 4 0.467675 0.001390 0.467985 0.317194 0.079530 0.070536 0.468117
11 7 4 0.440852 0.001258 0.441158 0.299953 0.074540 0.066003 0.441271

11 8 3 0.476929 0.002732 0.477374 0.273309 0.107834 0.095612 0.477497
11 8 3 0.497486 0.003235 0.497931 0.284103 0.113303 0.099828 0.498060
11 8 3 0.469901 0.002840 0.470312 0.271256 0.105465 0.092944 0.470434
11 8 3 0.470933 0.002832 0.471335 0.269376 0.106720 0.094580 0.471452
11 8 3 0.472749 0.002694 0.473150 0.272259 0.105974 0.094321 0.473267
11 8 3 0.473273 0.002946 0.473721 0.272319 0.106625 0.094173 0.473845
11 8 3 0.481395 0.002669 0.481798 0.276545 0.108111 0.096501 0.481917
11 8 3 0.475688 0.002891 0.476095 0.272712 0.107294 0.095445 0.476218
11 8 3 0.482524 0.003044 0.482970 0.277370 0.109077 0.095981 0.483044
11 8 3 0.468152 0.003120 0.468557 0.267667 0.106233 0.093982 0.468677

11 9 2 0.448958 0.000620 0.449605 0.156724 0.153114 0.139198 0.449724
11 9 2 0.446498 0.000662 0.447099 0.154328 0.152970 0.139259 0.447215
11 9 2 0.459285 0.000628 0.459879 0.159125 0.157075 0.143132 0.460008
11 9 2 0.452856 0.002164 0.453455 0.156458 0.156263 0.140160 0.453578
11 9 2 0.447015 0.000680 0.447614 0.155552 0.152678 0.138850 0.447734
11 9 2 0.448736 0.000667 0.449330 0.156918 0.152671 0.139184 0.449455
11 9 2 0.452066 0.003466 0.452722 0.154567 0.154136 0.139508 0.452846
11 9 2 0.433511 0.000626 0.434108 0.151607 0.147849 0.134151 0.434231
11 9 2 0.449565 0.000588 0.450162 0.158163 0.152149 0.139327 0.450285
11 9 2 0.451441 0.000666 0.452039 0.157734 0.153756 0.140003 0.452162

11 10 1 0.592057 0.067781 0.593239 0.001944 0.310939 0.280020 0.593361
11 10 1 0.599379 0.069859 0.600561 0.001920 0.314721 0.283575 0.600680
11 10 1 0.602149 0.070719 0.603437 0.001865 0.316019 0.285246 0.603550
11 10 1 0.593075 0.067775 0.594351 0.001991 0.311186 0.280834 0.594473
11 10 1 0.591651 0.066433 0.592834 0.001831 0.310212 0.280431 0.592956
11 10 1 0.593799 0.069341 0.595084 0.001908 0.311720 0.281135 0.595202
11 10 1 0.608479 0.073060 0.609681 0.001993 0.320136 0.287220 0.609797
11 10 1 0.595458 0.070610 0.596695 0.001992 0.312358 0.282009 0.596830
11 10 1 0.599432 0.068455 0.600669 0.001945 0.314178 0.284242 0.600786
11 10 1 0.590602 0.067922 0.591900 0.001842 0.309609 0.280132 0.592020

12 1 11 1.723664 0.000074 1.723797 1.657264 0.034050 0.030983 1.723916
12 1 11 1.712257 0.000082 1.712391 1.647840 0.033076 0.030070 1.712503
12 1 11 1.714363 0.000071 1.714497 1.649980 0.032987 0.030045 1.714620
12 1 11 1.715395 0.000084 1.715515 1.649191 0.033807 0.031035 1.715636
12 1 11 1.721010 0.000074 1.721142 1.655826 0.033474 0.030389 1.721275
12 1 11 1.718913 0.000068 1.719035 1.652796 0.034461 0.030289 1.719159
12 1 11 1.715953 0.000070 1.716083 1.651035 0.033419 0.030226 1.716159
12 1 11 1.715970 0.000076 1.716100 1.651120 0.033346 0.030184 1.716230
12 1 11 1.706633 0.000068 1.706768 1.642580 0.032936 0.029905 1.706887
12 1 11 1.644690 0.000041 1.644834 1.581913 0.032575 0.028891 1.644954

12 2 10 0.987904 0.000071 0.988035 0.919626 0.035488 0.031666 0.988110
12 2 10 0.986943 0.000115 0.987084 0.919444 0.034860 0.031380 0.987207
12 2 10 1.007138 0.000197 1.007281 0.938550 0.035463 0.031855 1.007404
12 2 10 0.982343 0.000171 0.982472 0.914971 0.034921 0.031275 0.982597
12 2 10 0.982941 0.000180 0.983071 0.911093 0.036908 0.033696 0.983141
12 2 10 0.987083 0.000180 0.987244 0.919455 0.034991 0.031482 0.987368
12 2 10 0.983224 0.000156 0.983352 0.915974 0.034734 0.031296 0.983476
12 2 10 0.980629 0.000086 0.980759 0.903467 0.039448 0.036601 0.980833
12 2 10 0.988777 0.000180 0.988905 0.920583 0.035229 0.031716 0.989007
12 2 10 0.978498 0.000206 0.978640 0.911319 0.034713 0.031214 0.978756

12 3 9 0.779779 0.000497 0.779940 0.705148 0.039615 0.033936 0.780011
12 3 9 0.781274 0.000553 0.781419 0.708017 0.038023 0.034107 0.781541
12 3 9 0.781217 0.000503 0.781375 0.708041 0.038060 0.033978 0.781492
12 3 9 0.800578 0.000450 0.800739 0.724056 0.038966 0.034894 0.800859
12 3 9 0.781144 0.000432 0.781289 0.708089 0.038073 0.033913 0.781410
12 3 9 0.780551 0.000535 0.780698 0.707457 0.038104 0.033853 0.780816
12 3 9 0.800133 0.000602 0.800291 0.725014 0.039077 0.034899 0.800411
12 3 9 0.803643 0.000417 0.803789 0.728673 0.039096 0.034759 0.803903
12 3 9 0.814407 0.000444 0.814566 0.726569 0.044912 0.041488 0.814632
12 3 9 0.814628 0.000461 0.814787 0.738171 0.039772 0.035531 0.814909

12 4 8 0.649335 0.000649 0.649514 0.566003 0.043557 0.038765 0.649629
12 4 8 0.657619 0.000601 0.657796 0.573549 0.043744 0.039328 0.657921
12 4 8 0.658103 0.000559 0.658287 0.573962 0.043944 0.039252 0.658408
12 4 8 0.658581 0.000517 0.658764 0.574384 0.043859 0.039347 0.658883
12 4 8 0.655881 0.000520 0.656061 0.572232 0.043563 0.039225 0.656126
12 4 8 0.653453 0.000512 0.653630 0.569920 0.043469 0.039058 0.653753
12 4 8 0.650754 0.000546 0.650934 0.567573 0.043315 0.038821 0.651050
12 4 8 0.629563 0.000577 0.629741 0.549288 0.041872 0.037502 0.629866
12 4 8 0.631818 0.000620 0.631981 0.549986 0.043229 0.037631 0.632099
12 4 8 0.644769 0.000619 0.644945 0.561363 0.043469 0.038891 0.645065

12 5 7 0.688166 0.000607 0.688349 0.593502 0.049670 0.044016 0.688465
12 5 7 0.677835 0.001877 0.678035 0.580035 0.050334 0.043979 0.678150
12 5 7 0.691287 0.000734 0.691487 0.595910 0.050121 0.044322 0.691605
12 5 7 0.661639 0.000594 0.661821 0.570974 0.047682 0.042191 0.661944
12 5 7 0.688316 0.000633 0.688518 0.594118 0.049602 0.043775 0.688640
12 5 7 0.674677 0.000516 0.674858 0.582580 0.048259 0.042866 0.674975
12 5 7 0.671667 0.000641 0.671849 0.578821 0.048824 0.043153 0.671963
12 5 7 0.664717 0.000689 0.664899 0.573834 0.047779 0.042203 0.665029
12 5 7 0.662574 0.000769 0.662828 0.571473 0.048260 0.042103 0.662945
12 5 7 0.662155 0.000500 0.662335 0.571752 0.047316 0.042070 0.662453

12 6 6 0.641261 0.000962 0.641469 0.535329 0.055822 0.049394 0.641585
12 6 6 0.638650 0.000793 0.638858 0.534163 0.055131 0.048659 0.638973
12 6 6 0.632742 0.000787 0.632953 0.528044 0.055313 0.048678 0.633070
12 6 6 0.650883 0.000916 0.651093 0.542499 0.057013 0.050596 0.651216
12 6 6 0.658939 0.003224 0.659171 0.546402 0.057410 0.050747 0.659295
12 6 6 0.641683 0.002661 0.641915 0.532370 0.055835 0.049587 0.642036
12 6 6 0.654940 0.000816 0.655170 0.545837 0.057492 0.050759 0.655287
12 6 6 0.642222 0.000784 0.642434 0.535588 0.056185 0.049566 0.642553
12 6 6 0.638905 0.000823 0.639139 0.533245 0.055600 0.049370 0.639257
12 6 6 0.641554 0.000815 0.641781 0.535280 0.056015 0.049491 0.641900

12 7 5 0.481485 0.001441 0.481735 0.354546 0.067830 0.058381 0.481855
12 7 5 0.479523 0.001249 0.479800 0.354985 0.065904 0.058019 0.479920
12 7 5 0.489148 0.001219 0.489422 0.358938 0.068634 0.060978 0.489539
12 7 5 0.478737 0.001292 0.478987 0.353435 0.066006 0.057864 0.479108
12 7 5 0.488415 0.001102 0.488706 0.362413 0.066557 0.058830 0.488821
12 7 5 0.484520 0.003602 0.484794 0.356081 0.066133 0.058388 0.484916
12 7 5 0.483661 0.001251 0.483912 0.358210 0.066375 0.058492 0.483983
12 7 5 0.482402 0.001236 0.482676 0.357551 0.066110 0.058206 0.482795
12 7 5 0.487226 0.001344 0.487501 0.357915 0.068681 0.059049 0.487620
12 7 5 0.494615 0.001176 0.494865 0.366317 0.067761 0.059971 0.494986

12 8 4 0.501808 0.001366 0.502147 0.341550 0.084522 0.075209 0.502270
12 8 4 0.491181 0.001180 0.491520 0.334103 0.082635 0.073977 0.491592
12 8 4 0.478334 0.001193 0.478641 0.325206 0.080770 0.071998 0.478759
12 8 4 0.485714 0.001251 0.486020 0.329722 0.082204 0.073391 0.486140
12 8 4 0.490758 0.001212 0.491094 0.332846 0.083159 0.074410 0.491220
12 8 4 0.481533 0.001354 0.481840 0.325981 0.082516 0.072524 0.481965
12 8 4 0.479071 0.001381 0.479410 0.325688 0.081001 0.071937 0.479538
12 8 4 0.489469 0.002769 0.489772 0.330829 0.082095 0.073398 0.489899
12 8 4 0.485316 0.001264 0.485653 0.328705 0.082824 0.073215 0.485773
12 8 4 0.480390 0.001335 0.480730 0.326297 0.081262 0.072471 0.480853

12 9 3 0.477357 0.002632 0.477801 0.265207 0.111722 0.100238 0.477921
12 9 3 0.461228 0.002760 0.461674 0.255066 0.109334 0.096668 0.461795
12 9 3 0.459799 0.002965 0.460198 0.254884 0.108569 0.096137 0.460317
12 9 3 0.469832 0.002758 0.470276 0.260913 0.110585 0.098274 0.470396
12 9 3 0.462782 0.002668 0.463227 0.255745 0.109670 0.097212 0.463343
12 9 3 0.465326 0.002579 0.465771 0.257292 0.109554 0.098349 0.465893
12 9 3 0.460500 0.002990 0.460947 0.255628 0.108536 0.096167 0.461064
12 9 3 0.461308 0.002800 0.461755 0.256476 0.108157 0.096543 0.461876
12 9 3 0.460427 0.002708 0.460888 0.255146 0.108317 0.096834 0.461015
12 9 3 0.468292 0.003089 0.468697 0.259388 0.110582 0.098161 0.468821

12 10 2 0.528819 0.000478 0.529478 0.228100 0.157354 0.143484 0.529599
12 10 2 0.527918 0.002387 0.528575 0.223310 0.157902 0.143671 0.528692
12 10 2 0.540095 0.002102 0.540692 0.226520 0.161891 0.149626 0.540809
12 10 2 0.529077 0.000517 0.529676 0.228323 0.157587 0.143261 0.529799
12 10 2 0.525159 0.000516 0.525755 0.223624 0.157741 0.143892 0.525875
12 10 2 0.530275 0.000483 0.530872 0.228028 0.158582 0.143759 0.530994
12 10 2 0.532487 0.000476 0.533081 0.225278 0.160765 0.146484 0.533196
12 10 2 0.540845 0.001513 0.541504 0.228430 0.161984 0.150506 0.541618
12 10 2 0.530672 0.000472 0.531326 0.228508 0.157871 0.144407 0.531445
12 10 2 0.548089 0.000469 0.548682 0.233845 0.164435 0.149807 0.548799

12 11 1 0.605712 0.158288 0.606956 0.001746 0.318161 0.286663 0.607073
12 11 1 0.600113 0.152799 0.601371 0.001717 0.315129 0.284201 0.601488
12 11 1 0.599648 0.153718 0.600826 0.001755 0.315078 0.283630 0.600940
12 11 1 0.601582 0.155288 0.602796 0.001741 0.315545 0.285158 0.602920
12 11 1 0.600466 0.155489 0.601636 0.001745 0.315447 0.284115 0.601754
12 11 1 0.607841 0.157321 0.609093 0.002613 0.318808 0.287344 0.609214
12 11 1 0.599837 0.153177 0.601131 0.001827 0.315163 0.283790 0.601251
12 11 1 0.601239 0.154477 0.602508 0.001720 0.315538 0.284949 0.602630
12 11 1 0.609845 0.156610 0.611068 0.001823 0.320288 0.288625 0.611189
12 11 1 0.599832 0.152487 0.601018 0.002330 0.314770 0.283619 0.601139

13 1 12 1.721483 0.000063 1.721616 1.659735 0.031864 0.028413 1.721735
13 1 12 1.721112 0.000084 1.721235 1.660239 0.030985 0.028377 1.721353
13 1 12 1.724088 0.000084 1.724210 1.662145 0.031807 0.028656 1.724327
13 1 12 1.724668 0.000082 1.724792 1.663517 0.031188 0.028468 1.724916
13 1 12 1.725237 0.000095 1.725362 1.662565 0.032860 0.028414 1.725488
13 1 12 1.724044 0.000083 1.724171 1.663036 0.031125 0.028429 1.724291
13 1 12 1.721917 0.000075 1.722040 1.661030 0.031078 0.028424 1.722121
13 1 12 1.724920 0.000086 1.725042 1.663780 0.031133 0.028526 1.725161
13 1 12 1.723023 0.000063 1.723146 1.661148 0.031983 0.028507 1.723221
13 1 12 1.724023 0.000078 1.724148 1.663012 0.031022 0.028470 1.724268

13 2 11 1.028364 0.000218 1.028497 0.961508 0.035077 0.030353 1.028613
13 2 11 1.026039 0.000211 1.026170 0.960233 0.033550 0.030841 1.026293
13 2 11 1.028497 0.000178 1.028628 0.963200 0.033475 0.030425 1.028745
13 2 11 1.027659 0.000241 1.027792 0.962330 0.033606 0.030336 1.027914
13 2 11 1.028623 0.000193 1.028753 0.954892 0.037504 0.034899 1.028878
13 2 11 1.027817 0.000285 1.027946 0.962502 0.033514 0.030440 1.028069
13 2 11 1.028915 0.000233 1.029052 0.963472 0.033550 0.030480 1.029177
13 2 11 1.030258 0.000244 1.030390 0.965026 0.033435 0.030365 1.030512
13 2 11 1.028205 0.000272 1.028340 0.962551 0.033818 0.030542 1.028464
13 2 11 1.029382 0.000263 1.029516 0.963553 0.033425 0.030997 1.029632

13 3 10 0.813855 0.000701 0.814002 0.739495 0.038295 0.034831 0.814077
13 3 10 0.815299 0.000582 0.815445 0.744638 0.036741 0.032682 0.815568
13 3 10 0.814171 0.000847 0.814318 0.741704 0.036532 0.032677 0.814434
13 3 10 0.815987 0.000589 0.816133 0.744431 0.037222 0.033078 0.816261
13 3 10 0.817651 0.000636 0.817798 0.747381 0.036423 0.032639 0.817921
13 3 10 0.815536 0.000549 0.815684 0.745134 0.036396 0.032741 0.815808
13 3 10 0.813335 0.000726 0.813483 0.742819 0.036385 0.032893 0.813606
13 3 10 0.812786 0.000523 0.812931 0.742109 0.036606 0.032801 0.813054
13 3 10 0.813792 0.000577 0.813938 0.743591 0.036314 0.032644 0.814055
13 3 10 0.814067 0.000649 0.814212 0.743718 0.036437 0.032634 0.814335

13 4 9 0.658690 0.000928 0.658851 0.582101 0.039804 0.035574 0.658966
13 4 9 0.658040 0.001279 0.658200 0.578667 0.039780 0.036536 0.658317
13 4 9 0.657978 0.000736 0.658138 0.580613 0.039778 0.035851 0.658252
13 4 9 0.657290 0.000834 0.657454 0.579391 0.040412 0.036383 0.657572
13 4 9 0.658940 0.000847 0.659100 0.582069 0.039918 0.035885 0.659223
13 4 9 0.658016 0.000793 0.658176 0.581106 0.040286 0.035519 0.658299
13 4 9 0.657019 0.000795 0.657181 0.580562 0.039845 0.035569 0.657252
13 4 9 0.658177 0.000846 0.658342 0.581721 0.039731 0.035557 0.658471
13 4 9 0.659305 0.000903 0.659467 0.581488 0.039670 0.035564 0.659585
13 4 9 0.657806 0.000852 0.657966 0.581106 0.039806 0.035636 0.658083

13 5 8 0.690527 0.000516 0.690705 0.605680 0.044424 0.039470 0.690826
13 5 8 0.717857 0.000528 0.718037 0.633480 0.044087 0.039236 0.718158
13 5 8 0.689847 0.000492 0.690028 0.605729 0.043822 0.039344 0.690144
13 5 8 0.690141 0.000518 0.690395 0.600977 0.046140 0.042181 0.690517
13 5 8 0.689830 0.000450 0.690012 0.605700 0.043925 0.039270 0.690125
13 5 8 0.691462 0.000478 0.691640 0.607102 0.043931 0.039407 0.691709
13 5 8 0.694045 0.000484 0.694223 0.609240 0.044027 0.039285 0.694344
13 5 8 0.690973 0.000512 0.691155 0.606560 0.044063 0.039354 0.691283
13 5 8 0.696735 0.000456 0.696915 0.610917 0.044094 0.039419 0.697037
13 5 8 0.689221 0.000483 0.689410 0.604821 0.043925 0.039484 0.689532

13 6 7 0.658989 0.000701 0.659195 0.563775 0.050045 0.044283 0.659317
13 6 7 0.659743 0.000758 0.659944 0.564440 0.050084 0.044306 0.660067
13 6 7 0.658464 0.000734 0.658664 0.563479 0.049975 0.044171 0.658780
13 6 7 0.662612 0.000697 0.662816 0.564209 0.049837 0.044250 0.662932
13 6 7 0.659104 0.000907 0.659308 0.561507 0.050335 0.044868 0.659434
13 6 7 0.657242 0.000709 0.657447 0.560313 0.050613 0.045294 0.657512
13 6 7 0.659657 0.000722 0.659860 0.562719 0.050869 0.045258 0.659978
13 6 7 0.660984 0.000618 0.661185 0.564028 0.051648 0.044421 0.661253
13 6 7 0.659969 0.000693 0.660172 0.564364 0.050212 0.044500 0.660292
13 6 7 0.661178 0.000650 0.661382 0.565452 0.050063 0.044839 0.661507

13 7 6 0.498529 0.001161 0.498761 0.389062 0.057690 0.051069 0.498875
13 7 6 0.498434 0.001239 0.498666 0.388415 0.057606 0.051726 0.498784
13 7 6 0.499776 0.001354 0.500007 0.388983 0.058128 0.051965 0.500127
13 7 6 0.501136 0.001180 0.501366 0.391639 0.057601 0.051172 0.501487
13 7 6 0.508602 0.009288 0.508833 0.388837 0.058525 0.051111 0.508913
13 7 6 0.500498 0.001122 0.500732 0.391189 0.057487 0.051087 0.500850
13 7 6 0.502821 0.003221 0.503053 0.390212 0.057525 0.051121 0.503170
13 7 6 0.498711 0.001107 0.498946 0.389484 0.057462 0.050963 0.499062
13 7 6 0.498419 0.001291 0.498649 0.386909 0.059289 0.051421 0.498765
13 7 6 0.498387 0.001190 0.498619 0.386082 0.059170 0.052367 0.498735

13 8 5 0.499103 0.001279 0.499378 0.369027 0.068786 0.060655 0.499495
13 8 5 0.499451 0.001196 0.499726 0.369819 0.068449 0.060533 0.499847
13 8 5 0.499255 0.001271 0.499528 0.369702 0.068438 0.060590 0.499650
13 8 5 0.499932 0.001190 0.500206 0.370208 0.068505 0.060707 0.500329
13 8 5 0.500971 0.001327 0.501250 0.371177 0.068665 0.060584 0.501364
13 8 5 0.500484 0.001189 0.500765 0.370642 0.068659 0.060693 0.500836
13 8 5 0.502419 0.002735 0.502697 0.369804 0.068444 0.060668 0.502816
13 8 5 0.500696 0.001199 0.500972 0.371199 0.068381 0.060510 0.501093
13 8 5 0.500958 0.001233 0.501234 0.370557 0.068964 0.060783 0.501347
13 8 5 0.500037 0.001527 0.500316 0.368634 0.070017 0.060728 0.500435

13 9 4 0.480934 0.001348 0.481279 0.319567 0.085171 0.075852 0.481403
13 9 4 0.478764 0.001322 0.479105 0.317334 0.085066 0.076055 0.479221
13 9 4 0.506468 0.019851 0.506808 0.324959 0.088795 0.075784 0.506924
13 9 4 0.478662 0.001281 0.478999 0.317210 0.085125 0.075844 0.479162
13 9 4 0.479566 0.001295 0.479911 0.318084 0.084859 0.076142 0.480030
13 9 4 0.477007 0.001378 0.477347 0.316066 0.084772 0.075794 0.477466
13 9 4 0.479918 0.001342 0.480257 0.319452 0.084522 0.075619 0.480375
13 9 4 0.479206 0.001349 0.479546 0.317785 0.085136 0.075766 0.479616
13 9 4 0.477483 0.001331 0.477826 0.316625 0.084792 0.075691 0.477945
13 9 4 0.477365 0.001373 0.477702 0.316606 0.084790 0.075624 0.477825

13 10 3 0.547082 0.002136 0.547526 0.330254 0.114002 0.102468 0.547647
13 10 3 0.546876 0.002531 0.547322 0.331647 0.113347 0.101737 0.547458
13 10 3 0.549366 0.002628 0.549816 0.334678 0.113446 0.101089 0.549935
13 10 3 0.547353 0.002782 0.547800 0.331768 0.113700 0.101685 0.547922
13 10 3 0.547047 0.002707 0.547494 0.331905 0.113399 0.101558 0.547615
13 10 3 0.546688 0.002501 0.547137 0.331680 0.113367 0.101457 0.547255
13 10 3 0.547372 0.002854 0.547820 0.332273 0.113553 0.101354 0.547945
13 10 3 0.557851 0.013804 0.558298 0.329731 0.113885 0.101627 0.558366
13 10 3 0.546928 0.002679 0.547373 0.331269 0.114233 0.101240 0.547493
13 10 3 0.546618 0.004073 0.547082 0.327077 0.115574 0.101115 0.547206

13 11 2 0.464877 0.000695 0.465543 0.147998 0.165846 0.151113 0.465667
13 11 2 0.465030 0.000710 0.465689 0.147780 0.165973 0.151408 0.465809
13 11 2 0.463354 0.000745 0.464011 0.146507 0.165820 0.151088 0.464134
13 11 2 0.463631 0.000739 0.464289 0.147061 0.165823 0.150892 0.464407
13 11 2 0.464127 0.000762 0.464785 0.146815 0.165590 0.151760 0.464901
13 11 2 0.463164 0.000712 0.463808 0.146664 0.165052 0.151508 0.463933
13 11 2 0.465103 0.001455 0.465761 0.146275 0.166216 0.150711 0.465884
13 11 2 0.465207 0.000822 0.465870 0.146755 0.165645 0.151571 0.465987
13 11 2 0.465231 0.001245 0.465893 0.145801 0.165748 0.151828 0.466012
13 11 2 0.464667 0.000684 0.465326 0.148419 0.165533 0.150827 0.465446

13 12 1 0.630566 0.183667 0.631857 0.001870 0.331531 0.298094 0.632003
13 12 1 0.629534 0.183052 0.630836 0.002068 0.330079 0.298330 0.630955
13 12 1 0.629461 0.184922 0.630751 0.001820 0.330450 0.298107 0.630869
13 12 1 0.629426 0.173866 0.630721 0.002512 0.329648 0.298193 0.630837
13 12 1 0.629808 0.184788 0.631102 0.001830 0.330861 0.298077 0.631217
13 12 1 0.630518 0.185142 0.631794 0.002045 0.331063 0.298373 0.631912
13 12 1 0.629681 0.182553 0.630965 0.001869 0.330368 0.298396 0.631081
13 12 1 0.629184 0.184914 0.630465 0.001876 0.330132 0.298134 0.630583
13 12 1 0.629179 0.183536 0.630473 0.001771 0.330200 0.298182 0.630600
13 12 1 0.628597 0.183910 0.629895 0.001870 0.329592 0.298114 0.630013

14 1 13 1.723041 0.000085 1.723199 1.664214 0.029675 0.027488 1.723320
14 1 13 1.725691 0.000078 1.725811 1.667641 0.029345 0.027167 1.725936
14 1 13 1.724442 0.000067 1.724559 1.665461 0.029497 0.027881 1.724686
14 1 13 1.726009 0.000079 1.726124 1.667526 0.029614 0.027292 1.726247
14 1 13 1.726618 0.000067 1.726735 1.668056 0.029845 0.027104 1.726856
14 1 13 1.724220 0.000059 1.724338 1.665650 0.029656 0.027276 1.724460
14 1 13 1.724889 0.000077 1.725005 1.666011 0.029886 0.027315 1.725126
14 1 13 1.724903 0.000089 1.725021 1.666465 0.029479 0.027306 1.725143
14 1 13 1.725433 0.000069 1.725549 1.667548 0.029219 0.027021 1.725669
14 1 13 1.725198 0.000084 1.725316 1.666792 0.029776 0.027082 1.725441

14 2 12 1.026662 0.000249 1.026784 0.964920 0.031451 0.028805 1.026928
14 2 12 1.027665 0.000270 1.027790 0.965442 0.032083 0.028653 1.027910
14 2 12 1.028847 0.000283 1.029016 0.965912 0.032525 0.028939 1.029155
14 2 12 1.028734 0.000286 1.028857 0.967511 0.031117 0.028607 1.028931
14 2 12 1.027092 0.000272 1.027214 0.965886 0.031195 0.028502 1.027341
14 2 12 1.027402 0.000330 1.027542 0.966141 0.031250 0.028489 1.027668
14 2 12 1.023974 0.000242 1.024098 0.962157 0.031792 0.028550 1.024218
14 2 12 1.027480 0.000285 1.027603 0.963019 0.033967 0.028998 1.027725
14 2 12 1.028020 0.000302 1.028142 0.966352 0.031546 0.028551 1.028262
14 2 12 1.028536 0.000300 1.028662 0.967016 0.031385 0.028594 1.028782

14 3 11 0.817770 0.000712 0.817903 0.751853 0.033956 0.030573 0.817974
14 3 11 0.816384 0.000684 0.816516 0.750696 0.033716 0.030547 0.816633
14 3 11 0.815326 0.000652 0.815462 0.749185 0.033636 0.030484 0.815532
14 3 11 0.816002 0.000701 0.816139 0.750520 0.033701 0.030366 0.816209
14 3 11 0.815731 0.000695 0.815867 0.750213 0.033740 0.030396 0.815990
14 3 11 0.822299 0.000661 0.822437 0.756973 0.033594 0.030347 0.822553
14 3 11 0.815804 0.000670 0.815939 0.749220 0.034798 0.030401 0.816058
14 3 11 0.817307 0.000667 0.817441 0.752040 0.033548 0.030315 0.817557
14 3 11 0.815723 0.000695 0.815857 0.750311 0.033535 0.030455 0.815975
14 3 11 0.818162 0.000660 0.818300 0.752705 0.033596 0.030456 0.818418

14 4 10 0.658559 0.001098 0.658704 0.586612 0.037423 0.033231 0.658771
14 4 10 0.657296 0.000929 0.657445 0.586513 0.036581 0.032933 0.657565
14 4 10 0.656812 0.000547 0.656960 0.586868 0.036109 0.032636 0.657032
14 4 10 0.657813 0.000926 0.657961 0.587802 0.036216 0.032561 0.658081
14 4 10 0.661944 0.000942 0.662091 0.590107 0.037827 0.032645 0.662205
14 4 10 0.657323 0.000967 0.657472 0.587044 0.036414 0.032666 0.657595
14 4 10 0.657054 0.000913 0.657201 0.586623 0.036413 0.032733 0.657317
14 4 10 0.657328 0.000878 0.657475 0.586601 0.036322 0.033103 0.657594
14 4 10 0.682395 0.000938 0.682542 0.612023 0.036125 0.032988 0.682662
14 4 10 0.662573 0.000974 0.662721 0.590368 0.037854 0.032639 0.662840

14 5 9 0.695981 0.000740 0.696147 0.619258 0.039946 0.035668 0.696267
14 5 9 0.690186 0.000767 0.690347 0.612451 0.040454 0.036172 0.690466
14 5 9 0.689527 0.000748 0.689688 0.612779 0.039887 0.035706 0.689754
14 5 9 0.693405 0.000659 0.693567 0.616590 0.039792 0.035743 0.693689
14 5 9 0.694691 0.001003 0.694851 0.616199 0.039893 0.035665 0.694927
14 5 9 0.698505 0.000637 0.698666 0.622258 0.039594 0.035538 0.698780
14 5 9 0.692524 0.001423 0.692700 0.613766 0.039661 0.035623 0.692812
14 5 9 0.691955 0.000771 0.692117 0.614692 0.040411 0.035617 0.692234
14 5 9 0.691591 0.000751 0.691753 0.614748 0.040040 0.035548 0.691869
14 5 9 0.690987 0.000732 0.691147 0.612992 0.040470 0.036389 0.691263

14 6 8 0.661304 0.001838 0.661483 0.573740 0.044267 0.039456 0.661604
14 6 8 0.658121 0.000607 0.658299 0.570114 0.045197 0.040306 0.658422
14 6 8 0.663163 0.000581 0.663341 0.578345 0.044175 0.039520 0.663456
14 6 8 0.660502 0.000560 0.660683 0.575870 0.044269 0.039318 0.660757
14 6 8 0.658937 0.000531 0.659121 0.574548 0.044066 0.039281 0.659243
14 6 8 0.657011 0.000507 0.657192 0.572772 0.043795 0.039423 0.657314
14 6 8 0.658637 0.000570 0.658820 0.573939 0.044308 0.039348 0.658938
14 6 8 0.658286 0.000669 0.658466 0.573486 0.044321 0.039517 0.658586
14 6 8 0.662902 0.005507 0.663079 0.571558 0.044538 0.039326 0.663200
14 6 8 0.665496 0.000532 0.665680 0.581251 0.043853 0.039306 0.665794

14 7 7 0.499849 0.001057 0.500053 0.404127 0.049705 0.044308 0.500175
14 7 7 0.498703 0.001080 0.498908 0.403624 0.049814 0.044331 0.499029
14 7 7 0.498410 0.001116 0.498615 0.402054 0.050209 0.045086 0.498729
14 7 7 0.499317 0.001035 0.499519 0.403781 0.050188 0.044299 0.499635
14 7 7 0.474817 0.001057 0.475021 0.384730 0.047261 0.042023 0.475138
14 7 7 0.500887 0.001033 0.501092 0.405782 0.049804 0.044402 0.501212
14 7 7 0.494667 0.001035 0.494962 0.386950 0.055513 0.051262 0.495083
14 7 7 0.500171 0.001178 0.500375 0.404169 0.049886 0.045037 0.500494
14 7 7 0.485999 0.000964 0.486205 0.393855 0.048227 0.042998 0.486274
14 7 7 0.503805 0.001141 0.504005 0.407319 0.051181 0.044453 0.504126

14 8 6 0.504842 0.001111 0.505077 0.393380 0.057329 0.051042 0.505192
14 8 6 0.499139 0.001180 0.499374 0.388568 0.058553 0.051087 0.499497
14 8 6 0.499602 0.001065 0.499839 0.389649 0.058104 0.051028 0.499960
14 8 6 0.498816 0.001350 0.499061 0.388116 0.058089 0.051971 0.499128
14 8 6 0.501723 0.001242 0.501957 0.392326 0.057723 0.051038 0.502032
14 8 6 0.501986 0.001127 0.502220 0.392672 0.057438 0.051029 0.502288
14 8 6 0.499162 0.001242 0.499396 0.382684 0.060883 0.054818 0.499510
14 8 6 0.497385 0.001158 0.497619 0.386386 0.058972 0.051254 0.497740
14 8 6 0.501189 0.001162 0.501415 0.391399 0.057710 0.051251 0.501538
14 8 6 0.499840 0.001431 0.500078 0.386741 0.060039 0.052403 0.500206

14 9 5 0.476192 0.001446 0.476467 0.343714 0.070969 0.060737 0.476589
14 9 5 0.480415 0.001245 0.480696 0.350506 0.068663 0.060777 0.480818
14 9 5 0.480275 0.001528 0.480554 0.350409 0.068629 0.060692 0.480671
14 9 5 0.477493 0.001270 0.477770 0.347820 0.068544 0.060582 0.477892
14 9 5 0.479057 0.002651 0.479337 0.346941 0.068381 0.060575 0.479458
14 9 5 0.462211 0.001240 0.462488 0.335254 0.066735 0.058752 0.462557
14 9 5 0.478936 0.001359 0.479215 0.349083 0.068678 0.060686 0.479337
14 9 5 0.476516 0.001297 0.476790 0.346839 0.068452 0.060685 0.476891
14 9 5 0.509018 0.001300 0.509297 0.354521 0.069609 0.060699 0.509412
14 9 5 0.477521 0.001724 0.477799 0.346307 0.068354 0.060664 0.477916

14 10 4 0.544426 0.001216 0.544766 0.383868 0.084517 0.075592 0.544877
14 10 4 0.545044 0.001186 0.545383 0.383993 0.084934 0.075710 0.545497
14 10 4 0.545300 0.001078 0.545638 0.384945 0.084568 0.075469 0.545761
14 10 4 0.549131 0.001191 0.549470 0.388147 0.084670 0.075795 0.549592
14 10 4 0.544855 0.001193 0.545197 0.383811 0.084641 0.076005 0.545321
14 10 4 0.549951 0.001204 0.550293 0.389479 0.084632 0.075496 0.550414
14 10 4 0.545555 0.001086 0.545896 0.385208 0.084389 0.075586 0.545966
14 10 4 0.546732 0.001276 0.547070 0.383706 0.086145 0.076585 0.547191
14 10 4 0.545583 0.001235 0.545913 0.384448 0.085022 0.075675 0.546037
14 10 4 0.549447 0.001297 0.549788 0.387596 0.085282 0.076147 0.549904

14 11 3 0.461245 0.002883 0.461698 0.246452 0.113444 0.101161 0.461813
14 11 3 0.464282 0.002565 0.464728 0.249397 0.112985 0.101809 0.464849
14 11 3 0.461243 0.003062 0.461686 0.246308 0.113160 0.101478 0.461805
14 11 3 0.476490 0.015953 0.476938 0.246787 0.113595 0.101496 0.477058
14 11 3 0.460106 0.002841 0.460555 0.245376 0.113269 0.101294 0.460674
14 11 3 0.465739 0.004127 0.466187 0.247723 0.116118 0.101724 0.466312
14 11 3 0.460994 0.002958 0.461442 0.245433 0.114013 0.101363 0.461564
14 11 3 0.461205 0.003014 0.461653 0.245714 0.113549 0.101870 0.461775
14 11 3 0.461588 0.002937 0.462034 0.246505 0.113713 0.101114 0.462154
14 11 3 0.462318 0.003150 0.462767 0.246469 0.113377 0.102284 0.462890

14 12 2 0.444473 0.002183 0.445132 0.125132 0.166147 0.150567 0.445252
14 12 2 0.443173 0.000738 0.443833 0.126549 0.166261 0.150460 0.443952
14 12 2 0.442653 0.000732 0.443309 0.126682 0.165259 0.150780 0.443429
14 12 2 0.443443 0.003009 0.444120 0.123659 0.165509 0.150869 0.444240
14 12 2 0.443058 0.000748 0.443716 0.127219 0.165094 0.150791 0.443837
14 12 2 0.446651 0.000714 0.447316 0.130512 0.165321 0.150964 0.447438
14 12 2 0.442133 0.000754 0.442797 0.125329 0.166696 0.150254 0.442922
14 12 2 0.444409 0.000786 0.445066 0.128512 0.165259 0.150778 0.445192
14 12 2 0.442665 0.000718 0.443322 0.126125 0.166045 0.150608 0.443448
14 12 2 0.443627 0.000727 0.444295 0.127183 0.165982 0.150563 0.444418

14 13 1 0.629019 0.194163 0.630313 0.001836 0.330192 0.297947 0.630432
14 13 1 0.628478 0.191951 0.629775 0.001887 0.329516 0.298031 0.629899
14 13 1 0.628717 0.193208 0.630012 0.002439 0.329313 0.297897 0.630135
14 13 1 0.628866 0.193654 0.630152 0.001961 0.329814 0.298044 0.630279
14 13 1 0.630378 0.196497 0.631681 0.002124 0.331193 0.298038 0.631802
14 13 1 0.629574 0.193930 0.630863 0.001904 0.330500 0.298146 0.630980
14 13 1 0.628481 0.193591 0.629761 0.001814 0.329674 0.297887 0.629878
14 13 1 0.629347 0.195328 0.630648 0.001835 0.330214 0.298249 0.630772
14 13 1 0.628839 0.192639 0.630138 0.001876 0.330027 0.297886 0.630255
14 13 1 0.628298 0.193608 0.629599 0.001870 0.329432 0.297956 0.629720

15 1 14 1.721723 0.000070 1.721831 1.664688 0.028518 0.026749 1.721952
15 1 14 1.722774 0.000069 1.722883 1.667516 0.027448 0.025829 1.723005
15 1 14 1.722966 0.000077 1.723076 1.666753 0.027535 0.026944 1.723194
15 1 14 1.720646 0.000074 1.720755 1.665681 0.027386 0.025864 1.720880
15 1 14 1.721941 0.000086 1.722052 1.666814 0.027492 0.025853 1.722177
15 1 14 1.722407 0.000075 1.722518 1.666719 0.027699 0.026182 1.722637
15 1 14 1.723726 0.000075 1.723873 1.667783 0.027989 0.026245 1.723998
15 1 14 1.722940 0.000070 1.723088 1.651169 0.036045 0.033969 1.723203
15 1 14 1.723894 0.000058 1.724005 1.668266 0.027558 0.026314 1.724131
15 1 14 1.725486 0.000072 1.725596 1.670009 0.027788 0.025925 1.725716

15 2 13 1.029245 0.000299 1.029362 0.967718 0.030924 0.028902 1.029487
15 2 13 1.030420 0.000290 1.030536 0.972306 0.029320 0.027215 1.030653
15 2 13 1.029907 0.000423 1.030024 0.967324 0.031501 0.029405 1.030144
15 2 13 1.026363 0.000362 1.026468 0.965964 0.031710 0.027087 1.026604
15 2 13 1.030048 0.000356 1.030164 0.971904 0.029440 0.027080 1.030283
15 2 13 1.027031 0.000316 1.027147 0.967525 0.029971 0.027865 1.027268
15 2 13 1.030164 0.000298 1.030281 0.972088 0.029309 0.027135 1.030352
15 2 13 1.028128 0.000337 1.028244 0.969055 0.030276 0.027135 1.028367
15 2 13 1.031090 0.001176 1.031206 0.970586 0.030107 0.028755 1.031328
15 2 13 1.029441 0.000320 1.029556 0.971384 0.029287 0.027138 1.029671

15 3 12 0.816037 0.000736 0.816163 0.754560 0.031388 0.028553 0.816283
15 3 12 0.815191 0.000725 0.815317 0.752413 0.031696 0.028553 0.815434
15 3 12 0.817422 0.000751 0.817546 0.756117 0.031196 0.028557 0.817663
15 3 12 0.822919 0.000726 0.823068 0.760158 0.032731 0.028544 0.823139
15 3 12 0.814641 0.000745 0.814767 0.751481 0.033041 0.028586 0.814890
15 3 12 0.815480 0.000710 0.815607 0.751763 0.033513 0.028702 0.815731
15 3 12 0.815477 0.000728 0.815606 0.752755 0.031863 0.029392 0.815730
15 3 12 0.814217 0.000720 0.814342 0.752830 0.031456 0.028462 0.814416
15 3 12 0.814567 0.000743 0.814693 0.751367 0.033067 0.028617 0.814815
15 3 12 0.816135 0.000720 0.816259 0.754785 0.031219 0.028665 0.816378

15 4 11 0.655815 0.001060 0.655953 0.588764 0.034685 0.030928 0.656072
15 4 11 0.660522 0.000984 0.660659 0.594956 0.033796 0.030427 0.660789
15 4 11 0.657431 0.000968 0.657572 0.590315 0.034968 0.030698 0.657685
15 4 11 0.659268 0.001014 0.659412 0.593071 0.034242 0.030554 0.659529
15 4 11 0.658039 0.000995 0.658176 0.592556 0.033674 0.030353 0.658294
15 4 11 0.657251 0.000976 0.657386 0.588484 0.034647 0.031936 0.657510
15 4 11 0.658006 0.001006 0.658143 0.590463 0.034634 0.031483 0.658262
15 4 11 0.657444 0.000959 0.657635 0.591777 0.033596 0.030782 0.657758
15 4 11 0.657674 0.001018 0.657809 0.592509 0.033511 0.030291 0.657930
15 4 11 0.660877 0.002309 0.661013 0.592776 0.033481 0.030442 0.661134

15 5 10 0.689814 0.000908 0.689963 0.617470 0.037417 0.033653 0.690037
15 5 10 0.694073 0.000870 0.694221 0.622638 0.036876 0.033265 0.694343
15 5 10 0.692013 0.000866 0.692161 0.620788 0.037233 0.032758 0.692277
15 5 10 0.688874 0.000844 0.689024 0.616959 0.038001 0.032690 0.689151
15 5 10 0.692874 0.000865 0.693022 0.620756 0.037893 0.032935 0.693139
15 5 10 0.692075 0.000899 0.692223 0.621092 0.036567 0.032999 0.692347
15 5 10 0.693704 0.000837 0.693854 0.622899 0.036456 0.033081 0.693969
15 5 10 0.689328 0.000837 0.689481 0.617791 0.037322 0.032961 0.689594
15 5 10 0.690648 0.000930 0.690795 0.618899 0.037760 0.032744 0.690916
15 5 10 0.690582 0.000962 0.690732 0.619976 0.036563 0.032758 0.690849

15 6 9 0.663306 0.000834 0.663468 0.586550 0.039945 0.035678 0.663588
15 6 9 0.657552 0.000789 0.657713 0.579589 0.040325 0.036461 0.657826
15 6 9 0.660217 0.000779 0.660380 0.581081 0.041081 0.036739 0.660503
15 6 9 0.658867 0.000767 0.659031 0.575482 0.043547 0.038280 0.659107
15 6 9 0.677895 0.020998 0.678061 0.578403 0.040192 0.036401 0.678180
15 6 9 0.659335 0.000818 0.659500 0.582714 0.039955 0.035556 0.659617
15 6 9 0.657890 0.000781 0.658054 0.581218 0.039917 0.035662 0.658171
15 6 9 0.658336 0.000845 0.658501 0.581588 0.039880 0.035640 0.658646
15 6 9 0.660907 0.000769 0.661072 0.582942 0.041163 0.035716 0.661148
15 6 9 0.658962 0.000782 0.659126 0.582383 0.039842 0.035595 0.659246

15 7 8 0.498080 0.000900 0.498262 0.412789 0.044721 0.039481 0.498332
15 7 8 0.498276 0.000911 0.498459 0.413730 0.043978 0.039414 0.498574
15 7 8 0.499324 0.000916 0.499506 0.414998 0.043826 0.039452 0.499627
15 7 8 0.496492 0.000897 0.496675 0.410258 0.045226 0.039539 0.496748
15 7 8 0.497957 0.000932 0.498137 0.412835 0.044648 0.039389 0.498254
15 7 8 0.500252 0.000908 0.500432 0.414175 0.044638 0.040292 0.500558
15 7 8 0.498425 0.000914 0.498607 0.414023 0.043922 0.039380 0.498727
15 7 8 0.498502 0.000918 0.498683 0.413843 0.044234 0.039422 0.498800
15 7 8 0.497440 0.000877 0.497624 0.412952 0.044020 0.039458 0.497747
15 7 8 0.499452 0.000870 0.499631 0.415032 0.043958 0.039495 0.499751

15 8 7 0.499194 0.001073 0.499397 0.404000 0.049944 0.044450 0.499520
15 8 7 0.497937 0.001058 0.498144 0.402531 0.049918 0.044507 0.498265
15 8 7 0.501608 0.001064 0.501813 0.406442 0.049943 0.044395 0.501937
15 8 7 0.499291 0.001076 0.499585 0.401386 0.051203 0.045939 0.499706
15 8 7 0.516822 0.020284 0.517027 0.399769 0.050901 0.044434 0.517129
15 8 7 0.499594 0.001037 0.499799 0.402626 0.050910 0.044648 0.499923
15 8 7 0.497707 0.001013 0.497922 0.400786 0.050678 0.045266 0.498040
15 8 7 0.499462 0.001070 0.499669 0.404007 0.050040 0.044555 0.499787
15 8 7 0.497994 0.000942 0.498201 0.401169 0.051347 0.044344 0.498323
15 8 7 0.502352 0.001132 0.502555 0.404630 0.051111 0.045614 0.502668

15 9 6 0.495792 0.001176 0.496029 0.386399 0.057473 0.051097 0.496150
15 9 6 0.477266 0.001256 0.477503 0.367805 0.057622 0.051157 0.477618
15 9 6 0.478748 0.001233 0.478985 0.369231 0.057562 0.051130 0.479108
15 9 6 0.478943 0.001254 0.479179 0.368290 0.058140 0.051168 0.479297
15 9 6 0.475996 0.001263 0.476231 0.365475 0.058301 0.051296 0.476348
15 9 6 0.490724 0.012313 0.490961 0.368775 0.057533 0.051112 0.491079
15 9 6 0.477259 0.001165 0.477495 0.367853 0.057554 0.051036 0.477611
15 9 6 0.477180 0.001322 0.477417 0.366499 0.057848 0.051971 0.477488
15 9 6 0.479113 0.001238 0.479348 0.369369 0.057914 0.051118 0.479465
15 9 6 0.475847 0.001297 0.476083 0.365510 0.058324 0.051124 0.476197

15 10 5 0.544613 0.001061 0.544896 0.414753 0.068490 0.060858 0.545015
15 10 5 0.545532 0.001046 0.545809 0.415602 0.068634 0.060812 0.545885
15 10 5 0.544588 0.001046 0.544869 0.413208 0.070042 0.060767 0.544990
15 10 5 0.545178 0.001184 0.545456 0.414813 0.068775 0.061036 0.545575
15 10 5 0.549787 0.001093 0.550068 0.419947 0.068567 0.060788 0.550186
15 10 5 0.545765 0.001156 0.546048 0.415730 0.068660 0.060853 0.546167
15 10 5 0.545245 0.002828 0.545524 0.412472 0.068310 0.060662 0.545597
15 10 5 0.543476 0.001134 0.543757 0.412878 0.069482 0.060598 0.543874
15 10 5 0.544877 0.001220 0.545157 0.413592 0.069803 0.060740 0.545275
15 10 5 0.544066 0.001052 0.544343 0.414420 0.068447 0.060663 0.544460

15 11 4 0.459193 0.001384 0.459536 0.297534 0.085040 0.076262 0.459656
15 11 4 0.457851 0.001854 0.458190 0.295650 0.085261 0.076575 0.458305
15 11 4 0.460214 0.001529 0.460560 0.298881 0.084854 0.076138 0.460678
15 11 4 0.459627 0.001410 0.459970 0.298891 0.084650 0.075642 0.460088
15 11 4 0.458033 0.001302 0.458376 0.297339 0.084519 0.075783 0.458495
15 11 4 0.459132 0.001327 0.459489 0.298439 0.084540 0.075753 0.459610
15 11 4 0.459139 0.001586 0.459479 0.296233 0.086131 0.076470 0.459602
15 11 4 0.458402 0.001372 0.458744 0.297499 0.084783 0.075767 0.458900
15 11 4 0.458258 0.001423 0.458601 0.297612 0.084619 0.075646 0.458720
15 11 4 0.459399 0.001552 0.459748 0.279661 0.093711 0.085547 0.459869

15 12 3 0.441327 0.002759 0.441783 0.226243 0.113931 0.101027 0.441905
15 12 3 0.442422 0.002723 0.442876 0.227265 0.113437 0.101477 0.442995
15 12 3 0.442962 0.002955 0.443412 0.227638 0.113548 0.101529 0.443534
15 12 3 0.443355 0.002972 0.443809 0.228189 0.113533 0.101513 0.443930
15 12 3 0.440211 0.002797 0.440658 0.225430 0.112982 0.101498 0.440778
15 12 3 0.442788 0.003280 0.443256 0.227049 0.113636 0.101956 0.443328
15 12 3 0.443375 0.004140 0.443823 0.226654 0.114746 0.101833 0.443943
15 12 3 0.443778 0.002753 0.444228 0.229146 0.112974 0.101465 0.444345
15 12 3 0.443372 0.002834 0.443819 0.227848 0.113299 0.102062 0.443941
15 12 3 0.444807 0.003628 0.445256 0.228160 0.114232 0.102226 0.445376

15 13 2 0.435684 0.000732 0.436362 0.119131 0.165826 0.150827 0.436482
15 13 2 0.434572 0.000728 0.435238 0.119000 0.165442 0.150281 0.435358
15 13 2 0.436180 0.000745 0.436842 0.119418 0.165684 0.151194 0.436965
15 13 2 0.435907 0.000749 0.436570 0.119310 0.165821 0.150874 0.436693
15 13 2 0.438723 0.003043 0.439384 0.118572 0.165808 0.150877 0.439452
15 13 2 0.438919 0.004497 0.439579 0.110312 0.172073 0.156764 0.439699
15 13 2 0.436118 0.000784 0.436776 0.119302 0.165973 0.150892 0.436891
15 13 2 0.434588 0.000740 0.435250 0.118224 0.166323 0.150230 0.435367
15 13 2 0.435300 0.000759 0.435965 0.119000 0.165722 0.150706 0.436087
15 13 2 0.434694 0.000806 0.435357 0.119604 0.165248 0.150006 0.435479

15 14 1 0.629879 0.279925 0.631156 0.001766 0.330292 0.298746 0.631223
15 14 1 0.628531 0.282119 0.629813 0.001708 0.329772 0.297945 0.629970
15 14 1 0.628491 0.281041 0.629777 0.001683 0.329704 0.298050 0.629895
15 14 1 0.628634 0.278498 0.629921 0.002156 0.329264 0.298188 0.630044
15 14 1 0.628514 0.280341 0.629797 0.001751 0.329919 0.297768 0.629915
15 14 1 0.627860 0.278662 0.629143 0.001680 0.329049 0.298087 0.629265
15 14 1 0.628935 0.279169 0.630235 0.001770 0.330245 0.297860 0.630353
15 14 1 0.628014 0.280799 0.629308 0.001677 0.329218 0.298072 0.629429
15 14 1 0.629107 0.279898 0.630390 0.001734 0.330245 0.298054 0.630510
15 14 1 0.629043 0.278184 0.630347 0.001731 0.330399 0.297870 0.630463

16 1 15 1.703448 0.000061 1.703587 1.649599 0.026252 0.025754 1.703708
16 1 15 1.711123 0.000034 1.711227 1.657005 0.026159 0.026085 1.711351
16 1 15 1.704707 0.000060 1.704811 1.650559 0.027521 0.024758 1.704913
16 1 15 1.704312 0.000084 1.704420 1.650199 0.027343 0.024850 1.704540
16 1 15 1.705589 0.000057 1.705693 1.647694 0.029449 0.026489 1.705818
16 1 15 1.702984 0.000074 1.703090 1.650098 0.026157 0.024827 1.703160
16 1 15 1.708137 0.000044 1.708248 1.654948 0.026643 0.024736 1.708372
16 1 15 1.705991 0.000087 1.706095 1.652590 0.026695 0.024822 1.706217
16 1 15 1.707166 0.000066 1.707272 1.652474 0.027867 0.024955 1.707394
16 1 15 1.706115 0.000071 1.706222 1.650495 0.026260 0.026637 1.706345

16 2 14 1.021392 0.000383 1.021501 0.965817 0.027919 0.025802 1.021621
16 2 14 1.020165 0.000385 1.020274 0.963672 0.028089 0.026587 1.020397
16 2 14 1.019276 0.000364 1.019385 0.957958 0.030458 0.029045 1.019509
16 2 14 1.021960 0.000198 1.022073 0.965723 0.028624 0.025819 1.022195
16 2 14 1.019617 0.000337 1.019728 0.964002 0.027945 0.025830 1.019850
16 2 14 1.020028 0.000353 1.020138 0.964321 0.027969 0.025934 1.020259
16 2 14 1.019655 0.000430 1.019763 0.964520 0.027467 0.025878 1.019834
16 2 14 1.021608 0.000406 1.021717 0.966709 0.027318 0.025806 1.021838
16 2 14 1.020211 0.000405 1.020407 0.960948 0.030851 0.026742 1.020534
16 2 14 1.021386 0.000360 1.021497 0.965827 0.027905 0.025830 1.021615

16 3 13 0.812023 0.000714 0.812141 0.752403 0.030946 0.027036 0.812262
16 3 13 0.809188 0.000815 0.809304 0.749825 0.030661 0.027048 0.809425
16 3 13 0.827980 0.000822 0.828098 0.769384 0.029922 0.027015 0.828227
16 3 13 0.812565 0.000799 0.812687 0.752218 0.030821 0.027813 0.812808
16 3 13 0.811236 0.000812 0.811418 0.751425 0.030878 0.027327 0.811534
16 3 13 0.812900 0.002692 0.813064 0.747122 0.031352 0.029298 0.813192
16 3 13 0.812483 0.000785 0.812603 0.753736 0.030156 0.026989 0.812720
16 3 13 0.809950 0.000779 0.810068 0.750859 0.030481 0.026966 0.810186
16 3 13 0.833365 0.021894 0.833482 0.751642 0.030123 0.027070 0.833602
16 3 13 0.809804 0.000746 0.809922 0.751392 0.029715 0.027056 0.810041

16 4 12 0.668827 0.000986 0.668955 0.607331 0.031620 0.028384 0.669075
16 4 12 0.660439 0.001066 0.660565 0.599633 0.030894 0.028433 0.660688
16 4 12 0.657762 0.001071 0.657889 0.596051 0.031730 0.028419 0.658008
16 4 12 0.657418 0.001070 0.657547 0.594445 0.032917 0.028524 0.657619
16 4 12 0.657396 0.001947 0.657524 0.592653 0.032399 0.028472 0.657642
16 4 12 0.658053 0.001284 0.658180 0.594937 0.031631 0.029945 0.658298
16 4 12 0.659805 0.001044 0.659932 0.598552 0.031278 0.028492 0.660059
16 4 12 0.658369 0.001060 0.658494 0.596477 0.031799 0.028512 0.658615
16 4 12 0.657867 0.001040 0.657993 0.596447 0.031204 0.028687 0.658116
16 4 12 0.657353 0.001033 0.657480 0.595576 0.031715 0.028574 0.657597

16 5 11 0.688201 0.000891 0.688342 0.621808 0.033796 0.030482 0.688459
16 5 11 0.693420 0.000947 0.693557 0.628290 0.033390 0.030344 0.693678
16 5 11 0.687778 0.000907 0.687916 0.621744 0.034248 0.030450 0.687989
16 5 11 0.691154 0.000949 0.691290 0.625948 0.033438 0.030307 0.691412
16 5 11 0.689175 0.001684 0.689311 0.620722 0.034278 0.030441 0.689430
16 5 11 0.687877 0.000936 0.688014 0.621653 0.034386 0.030352 0.688138
16 5 11 0.706230 0.018065 0.706368 0.622560 0.033225 0.030347 0.706488
16 5 11 0.690058 0.000926 0.690195 0.625007 0.033366 0.030300 0.690265
16 5 11 0.684883 0.000952 0.685022 0.619205 0.034040 0.030266 0.685139
16 5 11 0.688373 0.000971 0.688513 0.622545 0.033298 0.031107 0.688628

16 6 10 0.654971 0.001003 0.655120 0.583108 0.037101 0.033453 0.655232
16 6 10 0.657555 0.000981 0.657705 0.587574 0.036147 0.032577 0.657824
16 6 10 0.657846 0.000952 0.657996 0.586929 0.036873 0.032715 0.658114
16 6 10 0.657537 0.000925 0.657690 0.586204 0.037481 0.032583 0.657812
16 6 10 0.657795 0.000948 0.657947 0.587627 0.036356 0.032586 0.658068
16 6 10 0.656027 0.001018 0.656177 0.584190 0.037057 0.033508 0.656291
16 6 10 0.675051 0.003888 0.675199 0.603918 0.036286 0.033516 0.675319
16 6 10 0.656375 0.000929 0.656525 0.584739 0.037271 0.033068 0.656645
16 6 10 0.658110 0.000869 0.658259 0.587025 0.037350 0.032560 0.658374
16 6 10 0.660030 0.000952 0.660182 0.590072 0.036061 0.032550 0.660314

16 7 9 0.500117 0.001129 0.500284 0.423700 0.039735 0.035488 0.500356
16 7 9 0.498558 0.001263 0.498724 0.420678 0.040388 0.036342 0.498842
16 7 9 0.510734 0.001073 0.510902 0.433810 0.040116 0.035702 0.511026
16 7 9 0.496394 0.001167 0.496560 0.419179 0.040511 0.035561 0.496679
16 7 9 0.498041 0.001157 0.498209 0.421500 0.039636 0.035584 0.498329
16 7 9 0.515635 0.015579 0.515789 0.422347 0.040118 0.036458 0.515892
16 7 9 0.500706 0.001138 0.500871 0.424236 0.039659 0.035510 0.500988
16 7 9 0.499120 0.001124 0.499354 0.407838 0.047227 0.042972 0.499422
16 7 9 0.499394 0.001200 0.499560 0.421756 0.040072 0.036381 0.499630
16 7 9 0.499792 0.001176 0.499958 0.423337 0.039546 0.035559 0.500024

16 8 8 0.499020 0.000906 0.499201 0.412635 0.045293 0.039342 0.499320
16 8 8 0.516149 0.017662 0.516337 0.414153 0.043652 0.039399 0.516410
16 8 8 0.499996 0.000894 0.500181 0.414472 0.045077 0.039449 0.500300
16 8 8 0.509674 0.011728 0.509857 0.413348 0.043908 0.039339 0.509973
16 8 8 0.499511 0.000951 0.499692 0.414057 0.045175 0.039272 0.499808
16 8 8 0.501444 0.002765 0.501628 0.413852 0.044024 0.039394 0.501748
16 8 8 0.501419 0.000978 0.501600 0.417324 0.043541 0.039373 0.501716
16 8 8 0.502097 0.004278 0.502277 0.411924 0.044453 0.040071 0.502398
16 8 8 0.502322 0.003172 0.502504 0.414991 0.043441 0.039316 0.502620
16 8 8 0.498260 0.000917 0.498442 0.413155 0.044587 0.039303 0.498563

16 9 7 0.477163 0.001097 0.477369 0.382399 0.049480 0.044259 0.477490
16 9 7 0.479221 0.004031 0.479427 0.380115 0.049683 0.044382 0.479568
16 9 7 0.476655 0.001060 0.476866 0.381931 0.049722 0.044213 0.476989
16 9 7 0.475245 0.001093 0.475452 0.379267 0.050650 0.044301 0.475567
16 9 7 0.475822 0.001075 0.476031 0.380358 0.050055 0.044247 0.476153
16 9 7 0.476386 0.001183 0.476595 0.380095 0.050978 0.044296 0.476714
16 9 7 0.476419 0.001027 0.476629 0.381650 0.049652 0.044293 0.476751
16 9 7 0.477915 0.001173 0.478119 0.382096 0.049698 0.045101 0.478188
16 9 7 0.481739 0.001118 0.481947 0.386865 0.049761 0.044310 0.482017
16 9 7 0.479775 0.001154 0.479981 0.384995 0.049653 0.044293 0.480098

16 10 6 0.547149 0.001010 0.547384 0.437573 0.057562 0.051129 0.547507
16 10 6 0.542608 0.001001 0.543257 0.433553 0.057462 0.051332 0.543374
16 10 6 0.544304 0.001117 0.544542 0.434788 0.057620 0.051081 0.544658
16 10 6 0.544642 0.001007 0.544880 0.435326 0.057456 0.051042 0.544950
16 10 6 0.546350 0.001063 0.546587 0.436958 0.057551 0.050973 0.546703
16 10 6 0.543589 0.001110 0.543824 0.434299 0.057465 0.051048 0.543937
16 10 6 0.547753 0.003593 0.547994 0.433810 0.058357 0.051018 0.548112
16 10 6 0.543006 0.001015 0.543247 0.433779 0.057488 0.051080 0.543366
16 10 6 0.546176 0.001038 0.546409 0.431038 0.058563 0.052341 0.546480
16 10 6 0.540740 0.001014 0.540978 0.431087 0.057600 0.051153 0.541119

16 11 5 0.459354 0.001443 0.459636 0.329850 0.068373 0.060598 0.459755
16 11 5 0.456536 0.001273 0.456815 0.327232 0.068150 0.060511 0.456933
16 11 5 0.458484 0.001263 0.458767 0.329512 0.068042 0.060489 0.458887
16 11 5 0.460325 0.001312 0.460606 0.330260 0.068738 0.060723 0.460722
16 11 5 0.458112 0.001330 0.458391 0.328441 0.068696 0.060567 0.458460
16 11 5 0.458773 0.001568 0.459052 0.327932 0.068250 0.060621 0.459169
16 11 5 0.459048 0.001282 0.459326 0.329645 0.068276 0.060614 0.459447
16 11 5 0.458694 0.001311 0.458974 0.329065 0.068455 0.060661 0.459096
16 11 5 0.457582 0.001280 0.457860 0.327751 0.068579 0.060617 0.457998
16 11 5 0.458561 0.001307 0.458839 0.329132 0.068164 0.060647 0.458961

16 12 4 0.440817 0.001403 0.441159 0.279914 0.084775 0.075724 0.441278
16 12 4 0.440752 0.004108 0.441098 0.275264 0.084445 0.077285 0.441216
16 12 4 0.440727 0.001399 0.441071 0.279515 0.084701 0.076157 0.441189
16 12 4 0.441923 0.001454 0.442266 0.277097 0.086469 0.077828 0.442387
16 12 4 0.440984 0.001391 0.441334 0.280669 0.084667 0.075303 0.441456
16 12 4 0.448723 0.002390 0.449076 0.285055 0.085360 0.075651 0.449196
16 12 4 0.439609 0.001300 0.439956 0.279125 0.084557 0.075592 0.440073
16 12 4 0.402251 0.013045 0.402594 0.245036 0.075991 0.067882 0.402711
16 12 4 0.439469 0.001414 0.439816 0.279243 0.084494 0.075374 0.439936
16 12 4 0.440427 0.001552 0.440773 0.279846 0.084463 0.075777 0.440889

16 13 3 0.432326 0.002872 0.432775 0.217493 0.113703 0.101052 0.432898
16 13 3 0.435608 0.004996 0.436057 0.217001 0.113815 0.102182 0.436181
16 13 3 0.433128 0.003496 0.433579 0.217195 0.114585 0.101200 0.433699
16 13 3 0.434442 0.003976 0.434885 0.217526 0.113360 0.100982 0.435005
16 13 3 0.432750 0.002949 0.433199 0.217964 0.113359 0.101305 0.433317
16 13 3 0.359134 0.002825 0.359585 0.180852 0.094415 0.083683 0.359704
16 13 3 0.433061 0.002939 0.433515 0.219163 0.112924 0.100899 0.433635
16 13 3 0.431262 0.003079 0.431715 0.216873 0.113198 0.101063 0.431837
16 13 3 0.434646 0.003000 0.435098 0.220057 0.113160 0.101180 0.435221
16 13 3 0.434093 0.004473 0.434550 0.216499 0.113337 0.101479 0.434622

16 14 2 0.347252 0.000948 0.347912 0.031955 0.165214 0.150311 0.348035
16 14 2 0.309354 0.000953 0.310017 0.030661 0.146313 0.132555 0.310138
16 14 2 0.347667 0.000985 0.348324 0.033305 0.164500 0.149984 0.348444
16 14 2 0.348605 0.000974 0.349275 0.032968 0.165300 0.150457 0.349393
16 14 2 0.349711 0.001085 0.350375 0.033734 0.165568 0.150566 0.350493
16 14 2 0.348816 0.001080 0.349475 0.032852 0.165573 0.150555 0.349632
16 14 2 0.349604 0.001074 0.350264 0.033855 0.165325 0.150545 0.350388
16 14 2 0.387929 0.015812 0.388590 0.057503 0.179504 0.151052 0.388709
16 14 2 0.350925 0.003533 0.351595 0.031021 0.165783 0.150725 0.351721
16 14 2 0.352786 0.001045 0.353449 0.036146 0.165998 0.150549 0.353569

16 15 1 0.627792 0.208095 0.629082 0.002284 0.328905 0.297541 0.629202
16 15 1 0.626999 0.208270 0.628273 0.002432 0.327951 0.297566 0.628395
16 15 1 0.626376 0.208444 0.627673 0.002345 0.327394 0.297615 0.627792
16 15 1 0.626826 0.208821 0.628123 0.002342 0.327835 0.297643 0.628243
16 15 1 0.626724 0.208782 0.628033 0.002100 0.328045 0.297565 0.628149
16 15 1 0.475216 0.158603 0.476518 0.002429 0.248667 0.225147 0.476636
16 15 1 0.627227 0.207831 0.628524 0.002429 0.328153 0.297611 0.628647
16 15 1 0.627606 0.209041 0.628904 0.002151 0.328850 0.297573 0.629020
16 15 1 0.568178 0.189337 0.569462 0.002204 0.297728 0.269206 0.569583
16 15 1 0.627818 0.206858 0.629111 0.002911 0.328203 0.297680 0.629232

