1,1.610715,1.426990,0.183725
1,1.596385,1.412757,0.183628
1,1.590803,1.407033,0.183770
1,1.586825,1.404715,0.182111
1,1.586262,1.404099,0.182163
1,1.595772,1.412755,0.183017
1,1.605400,1.421087,0.184313
1,1.602757,1.418518,0.184239
1,1.600405,1.416400,0.184005
1,1.659403,1.468855,0.190548
1,1.595109,1.411635,0.183474
1,1.588939,1.406502,0.182437
1,1.593854,1.411271,0.182583
1,1.593972,1.410420,0.183552
1,1.602152,1.417649,0.184503
1,1.595624,1.412241,0.183383
1,1.582350,1.400188,0.182162
1,1.582116,1.400262,0.181854
1,1.597523,1.414569,0.182954
1,1.596758,1.412735,0.184022
1,1.596594,1.413468,0.183126
1,1.588319,1.404980,0.183339
1,1.581095,1.399094,0.182001
1,1.587304,1.404979,0.182325
1,1.591937,1.408782,0.183155
1,1.597661,1.414526,0.183135
1,1.592042,1.408393,0.183650
1,1.598964,1.415417,0.183547
1,1.590327,1.407087,0.183240
1,1.577139,1.395683,0.181456
1,1.586552,1.404559,0.181993
1,1.602459,1.418450,0.184009
1,1.596074,1.412377,0.183697
1,1.646818,1.463016,0.183802
1,1.594089,1.411537,0.182552
1,1.578111,1.397619,0.180492
1,1.595201,1.412883,0.182318
1,1.603113,1.419337,0.183776
1,1.597031,1.413556,0.183475
1,1.591956,1.408519,0.183437
1,1.585782,1.403928,0.181854
1,1.566216,1.386644,0.179572
1,1.586419,1.403888,0.182531
1,1.594968,1.410168,0.184799
1,1.592847,1.409389,0.183459
1,1.582848,1.400487,0.182361
1,1.573833,1.392748,0.181085
1,1.567054,1.386217,0.180837
1,1.584253,1.401944,0.182308
1,1.598911,1.414460,0.184451
1,1.595336,1.411144,0.184192
1,1.579999,1.398621,0.181378
1,1.568155,1.388208,0.179947
1,1.582338,1.400694,0.181644
1,1.607081,1.421926,0.185155
1,1.591360,1.407846,0.183514
1,1.585296,1.402683,0.182613
1,1.563192,1.383744,0.179448
1,1.573596,1.392489,0.181107
1,1.591140,1.407642,0.183498
1,1.599086,1.415017,0.184069
1,1.594891,1.411076,0.183815
1,1.577766,1.396416,0.181350
1,1.576708,1.394975,0.181733
1,1.583657,1.401381,0.182276
1,1.595931,1.412060,0.183871
1,1.605737,1.421301,0.184436
1,1.583248,1.401216,0.182032
1,1.579726,1.397921,0.181806
1,1.607276,1.422311,0.184965
1,1.638131,1.448224,0.189907
1,1.636063,1.446605,0.189458
1,1.600479,1.416771,0.183708
1,1.597392,1.413752,0.183640
1,1.590432,1.407498,0.182934
1,1.615189,1.430062,0.185127
1,1.679588,1.484347,0.195241
1,1.665257,1.471843,0.193414
1,1.617543,1.431343,0.186200
1,1.588744,1.406289,0.182456
1,1.588201,1.406251,0.181950
1,1.594216,1.410921,0.183295
1,1.596485,1.413419,0.183066
1,1.588841,1.405423,0.183418
1,1.595071,1.411958,0.183113
1,1.589945,1.407492,0.182453
1,1.591063,1.408828,0.182235
1,1.591787,1.408713,0.183074
1,1.603181,1.419675,0.183506
1,1.594145,1.410621,0.183524
1,1.588472,1.406262,0.182210
1,1.594349,1.411362,0.182987
1,1.593189,1.410513,0.182676
1,1.604004,1.419984,0.184020
1,1.608270,1.423320,0.184950
1,1.590898,1.407952,0.182946
1,1.588052,1.405966,0.182086
1,1.598545,1.415464,0.183081
1,1.593293,1.409977,0.183316
1,1.588178,1.405851,0.182327

2,0.926232,0.827943,0.098289
2,0.922664,0.825128,0.097536
2,0.919846,0.822726,0.097121
2,0.916865,0.820090,0.096775
2,0.926044,0.827867,0.098177
2,0.927361,0.829834,0.097527
2,0.930802,0.832544,0.098258
2,0.930879,0.832469,0.098410
2,0.919855,0.822900,0.096955
2,0.927601,0.829520,0.098082
2,0.915420,0.818467,0.096953
2,0.925857,0.827753,0.098104
2,0.935616,0.838273,0.097343
2,0.926105,0.828201,0.097904
2,0.920860,0.823785,0.097075
2,0.931221,0.833045,0.098176
2,0.924709,0.826457,0.098252
2,0.923437,0.825710,0.097727
2,0.935945,0.837128,0.098817
2,0.919688,0.822509,0.097179
2,0.924393,0.827176,0.097217
2,0.928761,0.830615,0.098146
2,0.934991,0.836868,0.098123
2,0.924845,0.827344,0.097501
2,0.930160,0.831502,0.098658
2,0.920227,0.822821,0.097406
2,0.925256,0.827600,0.097656
2,0.926486,0.828798,0.097688
2,0.924166,0.826626,0.097540
2,0.935965,0.837441,0.098524
2,0.929719,0.830863,0.098856
2,0.925776,0.827605,0.098171
2,0.919035,0.821667,0.097368
2,0.921476,0.823739,0.097737
2,0.924550,0.826792,0.097758
2,0.931649,0.832665,0.098984
2,0.926232,0.827801,0.098431
2,0.921330,0.823848,0.097481
2,0.927499,0.829070,0.098429
2,0.925638,0.828157,0.097481
2,0.924884,0.826702,0.098182
2,0.917756,0.820600,0.097156
2,0.920220,0.822271,0.097949
2,0.916564,0.820048,0.096516
2,0.924939,0.826933,0.098006
2,0.925989,0.827697,0.098292
2,0.928641,0.830193,0.098448
2,0.918487,0.821544,0.096943
2,0.927144,0.829412,0.097732
2,0.933368,0.834153,0.099215
2,0.925327,0.827099,0.098228
2,0.934154,0.835233,0.098921
2,0.924930,0.827477,0.097454
2,0.920704,0.823728,0.096976
2,0.924080,0.826683,0.097397
2,0.922374,0.824486,0.097888
2,0.928291,0.830516,0.097775
2,0.918005,0.821254,0.096751
2,0.930570,0.831807,0.098763
2,0.927452,0.829024,0.098428
2,0.928894,0.830467,0.098427
2,0.924631,0.826947,0.097684
2,0.928681,0.830909,0.097772
2,0.933885,0.835305,0.098579
2,0.935573,0.837189,0.098383
2,0.924942,0.827497,0.097445
2,0.935342,0.835981,0.099360
2,0.955082,0.853652,0.101429
2,0.946297,0.846212,0.100085
2,0.946358,0.846044,0.100314
2,0.944431,0.844086,0.100345
2,0.919695,0.822204,0.097491
2,0.920430,0.823431,0.097000
2,0.929547,0.831165,0.098382
2,0.922352,0.824638,0.097714
2,0.934016,0.834763,0.099253
2,0.938286,0.838761,0.099525
2,0.938949,0.839056,0.099893
2,0.914536,0.818060,0.096476
2,0.928182,0.830118,0.098064
2,0.926176,0.827742,0.098434
2,0.925610,0.827596,0.098014
2,0.934003,0.834573,0.099431
2,0.930224,0.831688,0.098536
2,0.931157,0.832176,0.098981
2,0.929605,0.831058,0.098547
2,0.921698,0.823957,0.097741
2,0.926023,0.827663,0.098360
2,0.928916,0.830456,0.098460
2,0.927703,0.829102,0.098601
2,0.926188,0.827971,0.098217
2,0.936241,0.837258,0.098983
2,0.928595,0.830661,0.097934
2,0.923024,0.825281,0.097743
2,0.926360,0.828224,0.098136
2,0.937672,0.839672,0.098001
2,0.927552,0.828753,0.098799
2,0.920168,0.822329,0.097839
2,0.928766,0.830462,0.098304
2,0.919877,0.822311,0.097566

3,0.689789,0.623250,0.066539
3,0.690871,0.623895,0.066976
3,0.684265,0.618038,0.066227
3,0.689167,0.622225,0.066942
3,0.692744,0.625653,0.067091
3,0.691690,0.624516,0.067174
3,0.695038,0.627712,0.067326
3,0.692379,0.625629,0.066750
3,0.693526,0.626367,0.067159
3,0.697480,0.629900,0.067580
3,0.707822,0.639338,0.068484
3,0.697607,0.630118,0.067489
3,0.697015,0.629335,0.067680
3,0.692412,0.625376,0.067037
3,0.689795,0.622852,0.066943
3,0.691577,0.624663,0.066914
3,0.686769,0.620449,0.066320
3,0.690711,0.623752,0.066959
3,0.688050,0.621183,0.066867
3,0.693298,0.626323,0.066975
3,0.691706,0.624523,0.067183
3,0.696355,0.628931,0.067424
3,0.695484,0.628100,0.067384
3,0.697964,0.630687,0.067277
3,0.697972,0.630049,0.067923
3,0.687567,0.621197,0.066370
3,0.681110,0.615014,0.066096
3,0.684254,0.618021,0.066233
3,0.679410,0.613391,0.066019
3,0.685105,0.618692,0.066413
3,0.687925,0.621138,0.066787
3,0.695605,0.628218,0.067387
3,0.693708,0.626637,0.067071
3,0.699369,0.631747,0.067622
3,0.696824,0.629312,0.067512
3,0.695920,0.628561,0.067359
3,0.690866,0.624455,0.066411
3,0.685642,0.619462,0.066180
3,0.684103,0.617646,0.066457
3,0.683751,0.617285,0.066466
3,0.685649,0.619215,0.066434
3,0.689832,0.623222,0.066610
3,0.690431,0.623321,0.067110
3,0.694880,0.627720,0.067160
3,0.704133,0.635854,0.068279
3,0.700319,0.632470,0.067849
3,0.698796,0.631226,0.067570
3,0.695862,0.628408,0.067453
3,0.693814,0.626687,0.067127
3,0.684933,0.618571,0.066363
3,0.678416,0.612808,0.065608
3,0.682298,0.616278,0.066020
3,0.685092,0.618637,0.066455
3,0.685969,0.619617,0.066352
3,0.690798,0.623727,0.067071
3,0.697381,0.629924,0.067457
3,0.697429,0.630010,0.067419
3,0.694108,0.627050,0.067058
3,0.698405,0.631194,0.067211
3,0.696468,0.629160,0.067308
3,0.694926,0.627577,0.067348
3,0.689535,0.622767,0.066768
3,0.679779,0.613708,0.066071
3,0.687142,0.620481,0.066661
3,0.685115,0.618493,0.066622
3,0.690215,0.623426,0.066789
3,0.689800,0.623029,0.066771
3,0.687779,0.621072,0.066707
3,0.697861,0.630435,0.067426
3,0.697090,0.629476,0.067615
3,0.698174,0.630857,0.067317
3,0.693732,0.626677,0.067055
3,0.684907,0.618548,0.066359
3,0.690957,0.624274,0.066682
3,0.682309,0.616212,0.066097
3,0.686646,0.620423,0.066223
3,0.686605,0.620187,0.066418
3,0.686826,0.620438,0.066388
3,0.691828,0.625248,0.066580
3,0.694801,0.627390,0.067411
3,0.694927,0.627693,0.067234
3,0.698232,0.630495,0.067737
3,0.696934,0.629235,0.067699
3,0.696728,0.629528,0.067200
3,0.690350,0.623529,0.066821
3,0.689467,0.622896,0.066571
3,0.694303,0.627254,0.067049
3,0.686223,0.619718,0.066505
3,0.683770,0.617607,0.066163
3,0.690407,0.623430,0.066978
3,0.710385,0.641508,0.068877
3,0.715740,0.646335,0.069405
3,0.704813,0.636377,0.068436
3,0.707086,0.638469,0.068617
3,0.714170,0.645519,0.068651
3,0.701025,0.632988,0.068037
3,0.694922,0.627760,0.067162
3,0.695524,0.628361,0.067163
3,0.692075,0.624967,0.067108
3,0.695424,0.628331,0.067093

4,0.534024,0.483413,0.050611
4,0.538713,0.487624,0.051090
4,0.544720,0.493134,0.051586
4,0.544756,0.493304,0.051452
4,0.546040,0.494343,0.051697
4,0.540134,0.488940,0.051194
4,0.541709,0.490503,0.051206
4,0.547178,0.495375,0.051803
4,0.544795,0.493379,0.051415
4,0.540858,0.489906,0.050952
4,0.538744,0.488025,0.050719
4,0.543093,0.491559,0.051534
4,0.545083,0.493614,0.051469
4,0.545903,0.494657,0.051246
4,0.534753,0.484278,0.050475
4,0.541955,0.490593,0.051362
4,0.545378,0.493740,0.051638
4,0.544321,0.492809,0.051512
4,0.537236,0.486603,0.050633
4,0.539196,0.488170,0.051026
4,0.543910,0.492503,0.051407
4,0.543995,0.492429,0.051566
4,0.540432,0.489320,0.051112
4,0.537407,0.486388,0.051019
4,0.536261,0.485398,0.050863
4,0.545605,0.493933,0.051672
4,0.543498,0.492238,0.051260
4,0.535045,0.484406,0.050639
4,0.538076,0.487036,0.051041
4,0.541915,0.490462,0.051453
4,0.541878,0.490393,0.051485
4,0.544160,0.493010,0.051150
4,0.536552,0.485717,0.050835
4,0.543998,0.492436,0.051562
4,0.544130,0.492672,0.051458
4,0.538485,0.487534,0.050951
4,0.539714,0.488361,0.051353
4,0.541082,0.490047,0.051036
4,0.545726,0.493982,0.051744
4,0.541471,0.490007,0.051464
4,0.540750,0.489518,0.051231
4,0.543085,0.491747,0.051338
4,0.543135,0.491517,0.051618
4,0.540690,0.489572,0.051118
4,0.544042,0.492462,0.051580
4,0.547541,0.495966,0.051575
4,0.543018,0.491693,0.051325
4,0.540607,0.489531,0.051076
4,0.540466,0.489265,0.051201
4,0.542399,0.491276,0.051123
4,0.539991,0.488966,0.051025
4,0.535984,0.485314,0.050670
4,0.539658,0.488561,0.051097
4,0.541887,0.490702,0.051185
4,0.544324,0.492822,0.051502
4,0.541676,0.490567,0.051109
4,0.537919,0.486998,0.050921
4,0.540317,0.489218,0.051099
4,0.546521,0.494978,0.051543
4,0.545138,0.493617,0.051521
4,0.535031,0.484378,0.050653
4,0.535249,0.484486,0.050763
4,0.543097,0.491686,0.051411
4,0.546405,0.494474,0.051931
4,0.538556,0.487597,0.050958
4,0.534972,0.484471,0.050501
4,0.542044,0.491020,0.051024
4,0.546674,0.494953,0.051721
4,0.536243,0.485686,0.050557
4,0.530446,0.480170,0.050276
4,0.539623,0.488555,0.051068
4,0.554043,0.501906,0.052137
4,0.544618,0.493069,0.051549
4,0.534427,0.483865,0.050562
4,0.535584,0.485049,0.050534
4,0.547720,0.495975,0.051745
4,0.549248,0.497191,0.052057
4,0.533023,0.482639,0.050384
4,0.531214,0.480836,0.050378
4,0.542619,0.491405,0.051214
4,0.544649,0.493130,0.051519
4,0.537847,0.486753,0.051094
4,0.529925,0.479733,0.050192
4,0.542272,0.491010,0.051262
4,0.553333,0.500847,0.052486
4,0.542026,0.490789,0.051237
4,0.527869,0.478145,0.049724
4,0.536107,0.485551,0.050556
4,0.543641,0.492093,0.051548
4,0.544012,0.492661,0.051351
4,0.533236,0.482845,0.050391
4,0.530184,0.480005,0.050179
4,0.547565,0.495642,0.051923
4,0.549685,0.497734,0.051951
4,0.532257,0.481632,0.050625
4,0.533079,0.482698,0.050381
4,0.542261,0.490950,0.051311
4,0.547932,0.496163,0.051769
4,0.538419,0.487652,0.050767
4,0.529665,0.479582,0.050083

5,0.484745,0.443060,0.041685
5,0.487936,0.446403,0.041533
5,0.475436,0.434612,0.040824
5,0.478763,0.437661,0.041102
5,0.490965,0.449014,0.041951
5,0.478822,0.437731,0.041091
5,0.475806,0.434812,0.040994
5,0.489531,0.447500,0.042031
5,0.489189,0.447364,0.041825
5,0.476994,0.436146,0.040848
5,0.486613,0.445111,0.041502
5,0.489822,0.447579,0.042243
5,0.479860,0.438617,0.041243
5,0.479650,0.438598,0.041052
5,0.491620,0.449130,0.042490
5,0.482940,0.441584,0.041356
5,0.480244,0.439083,0.041161
5,0.484706,0.442918,0.041788
5,0.485792,0.443902,0.041890
5,0.479898,0.438555,0.041342
5,0.482140,0.440682,0.041458
5,0.485986,0.444376,0.041610
5,0.481239,0.439963,0.041276
5,0.478061,0.436818,0.041243
5,0.488290,0.446224,0.042066
5,0.479121,0.437986,0.041135
5,0.480620,0.439519,0.041101
5,0.489833,0.448038,0.041795
5,0.484281,0.442809,0.041472
5,0.481392,0.440517,0.040875
5,0.486682,0.444608,0.042073
5,0.488580,0.446716,0.041864
5,0.472984,0.432284,0.040700
5,0.481814,0.440635,0.041179
5,0.492068,0.449246,0.042822
5,0.478711,0.437493,0.041218
5,0.475463,0.434578,0.040885
5,0.490574,0.448497,0.042077
5,0.481187,0.439844,0.041343
5,0.473384,0.432714,0.040670
5,0.484621,0.443095,0.041525
5,0.488978,0.447406,0.041572
5,0.473569,0.432662,0.040906
5,0.479857,0.438809,0.041048
5,0.491379,0.448954,0.042425
5,0.479605,0.438353,0.041252
5,0.471665,0.430880,0.040785
5,0.483848,0.442140,0.041708
5,0.485196,0.443572,0.041624
5,0.472098,0.431570,0.040528
5,0.480933,0.439858,0.041075
5,0.505441,0.462214,0.043227
5,0.537070,0.490576,0.046494
5,0.506153,0.462523,0.043629
5,0.508184,0.464664,0.043519
5,0.495106,0.452416,0.042690
5,0.475672,0.434640,0.041032
5,0.474017,0.433220,0.040797
5,0.492215,0.449090,0.043125
5,0.484587,0.443063,0.041523
5,0.473399,0.432986,0.040413
5,0.481318,0.440043,0.041275
5,0.489473,0.447670,0.041803
5,0.475182,0.434423,0.040759
5,0.481122,0.440119,0.041003
5,0.489089,0.446963,0.042126
5,0.481804,0.440427,0.041377
5,0.475564,0.434895,0.040669
5,0.486706,0.444766,0.041940
5,0.485784,0.444199,0.041585
5,0.475895,0.435021,0.040874
5,0.483597,0.441735,0.041862
5,0.489046,0.446838,0.042208
5,0.478468,0.437232,0.041237
5,0.482201,0.440581,0.041620
5,0.493409,0.451467,0.041942
5,0.487140,0.445183,0.041957
5,0.472443,0.431480,0.040963
5,0.481322,0.440070,0.041252
5,0.487244,0.445307,0.041937
5,0.475596,0.434976,0.040621
5,0.480052,0.438666,0.041386
5,0.493771,0.451479,0.042291
5,0.481302,0.439856,0.041446
5,0.478565,0.437408,0.041157
5,0.492249,0.450312,0.041937
5,0.489733,0.447265,0.042468
5,0.480346,0.439173,0.041173
5,0.485039,0.443232,0.041807
5,0.489178,0.447102,0.042076
5,0.481485,0.439986,0.041498
5,0.480557,0.439183,0.041374
5,0.489571,0.447535,0.042037
5,0.488422,0.446414,0.042008
5,0.481142,0.439789,0.041353
5,0.488035,0.446434,0.041601
5,0.487789,0.445742,0.042047
5,0.482830,0.441463,0.041367
5,0.482360,0.440907,0.041453
5,0.485985,0.444276,0.041709

6,0.464883,0.429516,0.035367
6,0.461301,0.425582,0.035719
6,0.465165,0.429791,0.035374
6,0.462697,0.427515,0.035182
6,0.462267,0.425653,0.036614
6,0.461534,0.426299,0.035235
6,0.464354,0.429089,0.035265
6,0.464544,0.428560,0.035984
6,0.465047,0.429763,0.035284
6,0.462235,0.427114,0.035121
6,0.465997,0.430809,0.035187
6,0.462367,0.427188,0.035179
6,0.464230,0.429016,0.035214
6,0.466184,0.430043,0.036141
6,0.466758,0.431235,0.035523
6,0.464202,0.429038,0.035164
6,0.468121,0.432804,0.035317
6,0.464559,0.429159,0.035400
6,0.464090,0.428863,0.035227
6,0.466074,0.429785,0.036289
6,0.464290,0.428895,0.035395
6,0.463088,0.427834,0.035254
6,0.465587,0.430381,0.035206
6,0.464582,0.429399,0.035184
6,0.461540,0.426365,0.035175
6,0.462535,0.427418,0.035117
6,0.464868,0.429498,0.035370
6,0.469667,0.434338,0.035329
6,0.464293,0.428992,0.035301
6,0.466111,0.430619,0.035491
6,0.469034,0.432966,0.036068
6,0.465185,0.429945,0.035240
6,0.466588,0.430790,0.035798
6,0.467623,0.432014,0.035609
6,0.468972,0.432617,0.036355
6,0.462959,0.427767,0.035192
6,0.467118,0.431669,0.035449
6,0.459978,0.425115,0.034863
6,0.461365,0.426237,0.035128
6,0.468300,0.432652,0.035648
6,0.465527,0.429616,0.035911
6,0.463766,0.428492,0.035275
6,0.466657,0.431036,0.035621
6,0.468951,0.433596,0.035355
6,0.461748,0.426427,0.035321
6,0.467441,0.432139,0.035302
6,0.468042,0.432492,0.035549
6,0.452359,0.418055,0.034304
6,0.464593,0.429366,0.035227
6,0.463919,0.428544,0.035375
6,0.462395,0.427176,0.035219
6,0.461901,0.426718,0.035184
6,0.469487,0.433714,0.035773
6,0.461214,0.425311,0.035903
6,0.461064,0.425670,0.035394
6,0.468726,0.433115,0.035611
6,0.460237,0.423792,0.036445
6,0.458214,0.423304,0.034910
6,0.464967,0.429566,0.035401
6,0.462280,0.427157,0.035123
6,0.455261,0.420781,0.034480
6,0.465068,0.429793,0.035275
6,0.466650,0.430639,0.036011
6,0.456198,0.421576,0.034622
6,0.462334,0.427150,0.035184
6,0.467511,0.431841,0.035670
6,0.454857,0.420534,0.034323
6,0.461093,0.425998,0.035095
6,0.466355,0.430968,0.035387
6,0.457211,0.422674,0.034537
6,0.459519,0.424522,0.034997
6,0.467206,0.431568,0.035638
6,0.452505,0.418254,0.034251
6,0.461296,0.426229,0.035067
6,0.464190,0.428824,0.035366
6,0.462240,0.427471,0.034769
6,0.456728,0.421990,0.034738
6,0.466790,0.431569,0.035221
6,0.459833,0.424823,0.035010
6,0.457384,0.422561,0.034823
6,0.464094,0.428965,0.035129
6,0.461703,0.426567,0.035136
6,0.408931,0.377953,0.030978
6,0.466569,0.431197,0.035372
6,0.466581,0.430681,0.035900
6,0.457834,0.423238,0.034596
6,0.466538,0.430861,0.035677
6,0.472086,0.436170,0.035916
6,0.456298,0.421694,0.034604
6,0.465725,0.430518,0.035207
6,0.470441,0.434680,0.035762
6,0.457665,0.422603,0.035063
6,0.459522,0.424844,0.034678
6,0.468545,0.432791,0.035754
6,0.459479,0.424638,0.034841
6,0.463550,0.426633,0.036917
6,0.470132,0.434316,0.035816
6,0.464946,0.429744,0.035202
6,0.411028,0.379989,0.031039
6,0.467500,0.431965,0.035535

7,0.389547,0.358380,0.031167
7,0.386653,0.355509,0.031144
7,0.393979,0.362154,0.031825
7,0.388054,0.356865,0.031189
7,0.390050,0.358848,0.031202
7,0.391637,0.360312,0.031325
7,0.385435,0.354494,0.030941
7,0.392534,0.361032,0.031502
7,0.382859,0.352417,0.030442
7,0.392259,0.360698,0.031561
7,0.395554,0.363759,0.031795
7,0.380387,0.349922,0.030465
7,0.392683,0.361220,0.031463
7,0.381576,0.351073,0.030503
7,0.394212,0.362545,0.031667
7,0.388658,0.357655,0.031003
7,0.387547,0.355819,0.031728
7,0.397294,0.365404,0.031890
7,0.391035,0.358621,0.032413
7,0.392985,0.361381,0.031604
7,0.394249,0.362585,0.031664
7,0.391090,0.359802,0.031288
7,0.272417,0.249871,0.022547
7,0.384944,0.354052,0.030892
7,0.396821,0.365078,0.031743
7,0.393929,0.362350,0.031579
7,0.379193,0.348854,0.030339
7,0.393240,0.361821,0.031419
7,0.386721,0.355597,0.031124
7,0.387967,0.356877,0.031090
7,0.391331,0.359959,0.031372
7,0.422716,0.388851,0.033864
7,0.408596,0.375754,0.032842
7,0.407671,0.375018,0.032653
7,0.406925,0.374140,0.032785
7,0.386894,0.355827,0.031067
7,0.392183,0.360561,0.031622
7,0.382974,0.352009,0.030966
7,0.384232,0.353323,0.030910
7,0.389024,0.357893,0.031132
7,0.387399,0.356188,0.031211
7,0.383815,0.352956,0.030859
7,0.387455,0.356336,0.031120
7,0.377101,0.346859,0.030242
7,0.387082,0.355676,0.031406
7,0.390934,0.359405,0.031529
7,0.391289,0.359993,0.031296
7,0.394268,0.362613,0.031655
7,0.388656,0.357626,0.031030
7,0.394078,0.362548,0.031530
7,0.391411,0.359967,0.031444
7,0.387034,0.355817,0.031217
7,0.393417,0.361090,0.032327
7,0.391491,0.360105,0.031386
7,0.251715,0.231690,0.020025
7,0.392551,0.360648,0.031903
7,0.385828,0.354659,0.031169
7,0.398430,0.366277,0.032154
7,0.375937,0.345737,0.030200
7,0.393562,0.362147,0.031415
7,0.398279,0.366307,0.031971
7,0.378702,0.348456,0.030246
7,0.398335,0.366347,0.031988
7,0.389819,0.358558,0.031261
7,0.387662,0.356403,0.031259
7,0.396912,0.364867,0.032045
7,0.370624,0.340959,0.029665
7,0.399807,0.367608,0.032199
7,0.387643,0.355997,0.031646
7,0.388522,0.357558,0.030964
7,0.399989,0.368090,0.031899
7,0.384829,0.353890,0.030939
7,0.388816,0.357553,0.031263
7,0.391566,0.359976,0.031590
7,0.382340,0.351811,0.030529
7,0.397430,0.365432,0.031998
7,0.387271,0.356161,0.031110
7,0.384527,0.353530,0.030997
7,0.395585,0.363528,0.032057
7,0.369632,0.339970,0.029662
7,0.396346,0.364224,0.032122
7,0.385146,0.354069,0.031077
7,0.387884,0.356975,0.030910
7,0.396287,0.364436,0.031851
7,0.372390,0.342443,0.029948
7,0.394729,0.363227,0.031502
7,0.231326,0.212884,0.018441
7,0.392316,0.360482,0.031834
7,0.391497,0.360074,0.031424
7,0.371401,0.341575,0.029826
7,0.399178,0.367261,0.031917
7,0.377326,0.347217,0.030109
7,0.391427,0.359276,0.032151
7,0.396508,0.364743,0.031765
7,0.379673,0.349124,0.030549
7,0.395822,0.363648,0.032174
7,0.392954,0.361901,0.031053
7,0.391526,0.360179,0.031347
7,0.399630,0.367702,0.031929
7,0.371858,0.342084,0.029774

8,0.358738,0.330792,0.027946
8,0.364842,0.336197,0.028645
8,0.355038,0.327328,0.027710
8,0.372480,0.343456,0.029025
8,0.362566,0.333441,0.029124
8,0.363779,0.334804,0.028975
8,0.359973,0.331643,0.028330
8,0.365822,0.337221,0.028601
8,0.357574,0.329818,0.027755
8,0.363104,0.334637,0.028467
8,0.370160,0.341043,0.029117
8,0.364505,0.336200,0.028305
8,0.368819,0.339291,0.029528
8,0.366468,0.337810,0.028658
8,0.364965,0.336263,0.028702
8,0.367012,0.338121,0.028891
8,0.359541,0.331376,0.028165
8,0.367079,0.338284,0.028795
8,0.369523,0.340584,0.028939
8,0.357511,0.329402,0.028109
8,0.364314,0.335825,0.028489
8,0.362641,0.334030,0.028611
8,0.365663,0.337113,0.028550
8,0.370116,0.341141,0.028975
8,0.367119,0.338287,0.028832
8,0.367794,0.338233,0.029561
8,0.367398,0.338553,0.028845
8,0.365392,0.336626,0.028766
8,0.364751,0.336169,0.028582
8,0.366439,0.337183,0.029256
8,0.370791,0.341883,0.028908
8,0.373078,0.343810,0.029268
8,0.364453,0.335871,0.028583
8,0.365127,0.336370,0.028757
8,0.360964,0.332666,0.028298
8,0.363947,0.335123,0.028824
8,0.367218,0.338341,0.028877
8,0.364963,0.336310,0.028653
8,0.368160,0.339172,0.028988
8,0.354704,0.326576,0.028127
8,0.368073,0.339089,0.028984
8,0.363712,0.335135,0.028577
8,0.356544,0.328572,0.027972
8,0.369739,0.339827,0.029912
8,0.356441,0.328701,0.027740
8,0.355462,0.327684,0.027778
8,0.352800,0.325208,0.027592
8,0.362198,0.333941,0.028258
8,0.365453,0.336800,0.028653
8,0.366493,0.336410,0.030083
8,0.368048,0.339369,0.028679
8,0.364897,0.336384,0.028513
8,0.351708,0.324182,0.027526
8,0.366076,0.336549,0.029527
8,0.363851,0.335336,0.028515
8,0.358498,0.330621,0.027877
8,0.363708,0.335197,0.028511
8,0.369235,0.340311,0.028924
8,0.351531,0.323923,0.027608
8,0.357677,0.329535,0.028142
8,0.368317,0.339684,0.028633
8,0.367859,0.338439,0.029420
8,0.369095,0.340429,0.028666
8,0.361401,0.333170,0.028231
8,0.362699,0.334261,0.028438
8,0.371119,0.342138,0.028981
8,0.363787,0.335285,0.028502
8,0.368964,0.340069,0.028895
8,0.361895,0.331945,0.029950
8,0.368708,0.339816,0.028892
8,0.368523,0.339531,0.028992
8,0.365819,0.337029,0.028790
8,0.372607,0.343504,0.029103
8,0.360347,0.332009,0.028338
8,0.228485,0.210699,0.017786
8,0.362185,0.333659,0.028526
8,0.368870,0.339972,0.028898
8,0.362356,0.333939,0.028417
8,0.358947,0.330982,0.027965
8,0.370404,0.341319,0.029085
8,0.363328,0.334895,0.028433
8,0.370568,0.341511,0.029057
8,0.366652,0.337939,0.028713
8,0.358323,0.330287,0.028036
8,0.368851,0.340160,0.028691
8,0.366949,0.338119,0.028831
8,0.351154,0.323457,0.027697
8,0.367098,0.338257,0.028841
8,0.358545,0.329866,0.028679
8,0.366228,0.337660,0.028568
8,0.366478,0.337800,0.028678
8,0.363412,0.335016,0.028396
8,0.349460,0.322053,0.027407
8,0.365564,0.336933,0.028631
8,0.365925,0.337458,0.028467
8,0.367928,0.338441,0.029487
8,0.371602,0.341998,0.029604
8,0.366828,0.338049,0.028779
8,0.360180,0.331960,0.028219
8,0.363539,0.334970,0.028569

9,0.367202,0.340727,0.026474
9,0.368364,0.340892,0.027472
9,0.368810,0.342244,0.026566
9,0.366241,0.339839,0.026402
9,0.367269,0.340650,0.026619
9,0.365557,0.339071,0.026486
9,0.362152,0.335877,0.026275
9,0.368254,0.341717,0.026536
9,0.366814,0.339571,0.027243
9,0.368819,0.341488,0.027331
9,0.370256,0.343420,0.026836
9,0.363658,0.337390,0.026268
9,0.368936,0.342350,0.026585
9,0.363122,0.336944,0.026178
9,0.366797,0.340344,0.026453
9,0.368257,0.341693,0.026564
9,0.361402,0.334557,0.026845
9,0.366636,0.340187,0.026449
9,0.363624,0.337357,0.026267
9,0.366252,0.339831,0.026421
9,0.368020,0.340748,0.027272
9,0.364268,0.337851,0.026417
9,0.368527,0.341950,0.026577
9,0.362989,0.336715,0.026274
9,0.368791,0.342126,0.026665
9,0.361295,0.335024,0.026271
9,0.365278,0.338823,0.026455
9,0.368078,0.341516,0.026562
9,0.361926,0.335225,0.026701
9,0.369531,0.342731,0.026800
9,0.361476,0.335414,0.026062
9,0.366720,0.340140,0.026580
9,0.365661,0.339129,0.026532
9,0.361172,0.334992,0.026180
9,0.371394,0.344580,0.026814
9,0.377936,0.349556,0.028380
9,0.369208,0.342644,0.026564
9,0.286331,0.265815,0.020516
9,0.362091,0.335829,0.026262
9,0.364876,0.338584,0.026292
9,0.358325,0.332370,0.025955
9,0.367775,0.341319,0.026456
9,0.357605,0.331735,0.025870
9,0.363595,0.337255,0.026340
9,0.363159,0.336330,0.026829
9,0.364345,0.337897,0.026448
9,0.370563,0.342973,0.027590
9,0.356012,0.330436,0.025575
9,0.369742,0.343014,0.026728
9,0.360179,0.334122,0.026057
9,0.365505,0.339172,0.026333
9,0.368008,0.340762,0.027246
9,0.358776,0.332074,0.026701
9,0.367316,0.340622,0.026693
9,0.375307,0.349137,0.026170
9,0.368485,0.342048,0.026437
9,0.359920,0.333863,0.026057
9,0.361309,0.335040,0.026269
9,0.373118,0.345432,0.027686
9,0.355855,0.330217,0.025638
9,0.367281,0.340626,0.026655
9,0.359654,0.333613,0.026041
9,0.365181,0.338054,0.027127
9,0.368243,0.341611,0.026632
9,0.359178,0.333226,0.025952
9,0.369842,0.343135,0.026707
9,0.353700,0.328000,0.025700
9,0.367076,0.340502,0.026574
9,0.360524,0.334398,0.026127
9,0.366485,0.339225,0.027260
9,0.369991,0.341920,0.028071
9,0.357946,0.332019,0.025927
9,0.366398,0.339726,0.026672
9,0.359000,0.332945,0.026056
9,0.363129,0.336791,0.026338
9,0.367794,0.341339,0.026455
9,0.373049,0.345572,0.027477
9,0.372063,0.345217,0.026846
9,0.371316,0.344411,0.026905
9,0.365770,0.339180,0.026589
9,0.369807,0.342992,0.026815
9,0.363664,0.337404,0.026260
9,0.371661,0.344753,0.026908
9,0.368597,0.342059,0.026538
9,0.371663,0.344980,0.026683
9,0.373256,0.346435,0.026821
9,0.370252,0.343493,0.026759
9,0.372038,0.345182,0.026856
9,0.368272,0.341794,0.026478
9,0.366806,0.340054,0.026752
9,0.369780,0.343161,0.026619
9,0.366170,0.339362,0.026808
9,0.372800,0.345875,0.026925
9,0.371749,0.344369,0.027380
9,0.370101,0.343142,0.026959
9,0.370762,0.343924,0.026838
9,0.370672,0.344115,0.026557
9,0.369548,0.342790,0.026758
9,0.365675,0.339327,0.026348
9,0.370298,0.343453,0.026845

10,0.353327,0.328682,0.024645
10,0.347584,0.323143,0.024441
10,0.354051,0.328224,0.025827
10,0.347691,0.323167,0.024524
10,0.347429,0.322794,0.024635
10,0.344673,0.320067,0.024606
10,0.350124,0.325440,0.024683
10,0.351036,0.326228,0.024808
10,0.345670,0.321131,0.024539
10,0.348477,0.323752,0.024725
10,0.346409,0.321800,0.024609
10,0.349372,0.323980,0.025392
10,0.348652,0.324014,0.024638
10,0.344821,0.320412,0.024409
10,0.350340,0.325459,0.024881
10,0.347902,0.323304,0.024598
10,0.352095,0.327415,0.024680
10,0.347721,0.323272,0.024449
10,0.346341,0.321649,0.024692
10,0.348827,0.324348,0.024479
10,0.348070,0.323582,0.024488
10,0.354538,0.328806,0.025732
10,0.347611,0.322437,0.025174
10,0.346824,0.322190,0.024634
10,0.348792,0.324183,0.024608
10,0.344676,0.320313,0.024363
10,0.355444,0.330394,0.025050
10,0.350611,0.325137,0.025474
10,0.348305,0.323554,0.024751
10,0.347348,0.322769,0.024579
10,0.342789,0.318242,0.024547
10,0.353740,0.328832,0.024908
10,0.348549,0.323952,0.024596
10,0.346435,0.321664,0.024771
10,0.347000,0.322361,0.024639
10,0.345218,0.320852,0.024366
10,0.347914,0.321826,0.026088
10,0.336920,0.312973,0.023947
10,0.347706,0.323056,0.024651
10,0.340479,0.316546,0.023933
10,0.353704,0.328846,0.024858
10,0.344921,0.320528,0.024393
10,0.343841,0.319459,0.024382
10,0.348260,0.323776,0.024484
10,0.341418,0.317380,0.024038
10,0.346294,0.322002,0.024292
10,0.336187,0.312258,0.023929
10,0.346231,0.321558,0.024673
10,0.341380,0.317195,0.024185
10,0.347240,0.322734,0.024506
10,0.345208,0.320797,0.024411
10,0.339124,0.315291,0.023833
10,0.352701,0.327768,0.024933
10,0.248252,0.230784,0.017468
10,0.348284,0.323675,0.024609
10,0.340349,0.316480,0.023869
10,0.354415,0.328859,0.025556
10,0.340175,0.316230,0.023945
10,0.344686,0.320326,0.024360
10,0.346553,0.322242,0.024311
10,0.340448,0.316516,0.023932
10,0.347701,0.322970,0.024731
10,0.336131,0.312334,0.023798
10,0.349125,0.324513,0.024612
10,0.340182,0.316052,0.024130
10,0.346155,0.321736,0.024420
10,0.347727,0.322974,0.024753
10,0.342913,0.318102,0.024811
10,0.349240,0.324450,0.024790
10,0.335693,0.312007,0.023686
10,0.346595,0.321946,0.024648
10,0.339034,0.315164,0.023870
10,0.347073,0.322757,0.024316
10,0.344280,0.319802,0.024478
10,0.340798,0.316740,0.024058
10,0.348650,0.324123,0.024527
10,0.337976,0.313393,0.024583
10,0.347455,0.322839,0.024616
10,0.340239,0.316306,0.023932
10,0.344999,0.320563,0.024436
10,0.346134,0.321796,0.024338
10,0.347067,0.322662,0.024405
10,0.346452,0.322067,0.024384
10,0.336712,0.312814,0.023897
10,0.348409,0.323079,0.025330
10,0.342587,0.318471,0.024116
10,0.337940,0.313955,0.023985
10,0.344528,0.320220,0.024308
10,0.342232,0.318090,0.024142
10,0.351546,0.326859,0.024687
10,0.343692,0.319873,0.023819
10,0.343315,0.318812,0.024503
10,0.335971,0.312368,0.023602
10,0.349203,0.324461,0.024743
10,0.341482,0.317358,0.024124
10,0.345694,0.321248,0.024446
10,0.349579,0.324306,0.025273
10,0.340835,0.316141,0.024693
10,0.344537,0.320025,0.024512
10,0.334508,0.310716,0.023792

11,0.340958,0.317150,0.023808
11,0.325705,0.303360,0.022345
11,0.337712,0.314150,0.023562
11,0.337839,0.314695,0.023144
11,0.334641,0.311798,0.022843
11,0.337510,0.314619,0.022891
11,0.329046,0.306648,0.022398
11,0.335788,0.312223,0.023565
11,0.326817,0.304505,0.022312
11,0.332307,0.309473,0.022834
11,0.334184,0.311362,0.022822
11,0.336302,0.312659,0.023643
11,0.335631,0.312778,0.022853
11,0.332021,0.309126,0.022895
11,0.338234,0.315094,0.023140
11,0.325277,0.303006,0.022271
11,0.333698,0.310949,0.022749
11,0.240425,0.224060,0.016365
11,0.330882,0.308084,0.022798
11,0.329252,0.305935,0.023317
11,0.331585,0.308823,0.022762
11,0.333811,0.310734,0.023077
11,0.332608,0.309902,0.022706
11,0.334759,0.311749,0.023010
11,0.329453,0.307047,0.022406
11,0.216723,0.201983,0.014740
11,0.327818,0.305382,0.022435
11,0.335091,0.311550,0.023541
11,0.328169,0.305768,0.022401
11,0.334208,0.311262,0.022946
11,0.226961,0.211538,0.015423
11,0.335194,0.312311,0.022882
11,0.331646,0.309147,0.022499
11,0.332875,0.310055,0.022820
11,0.334489,0.311508,0.022981
11,0.332476,0.309672,0.022804
11,0.338164,0.315136,0.023028
11,0.326969,0.304505,0.022464
11,0.334637,0.311748,0.022889
11,0.258231,0.240491,0.017740
11,0.338016,0.314825,0.023191
11,0.329947,0.307321,0.022626
11,0.334778,0.311889,0.022889
11,0.335192,0.312247,0.022945
11,0.335861,0.312805,0.023056
11,0.338132,0.315032,0.023100
11,0.339141,0.315811,0.023330
11,0.339728,0.316331,0.023396
11,0.351863,0.327623,0.024240
11,0.338692,0.315322,0.023370
11,0.333825,0.310992,0.022833
11,0.332173,0.309372,0.022801
11,0.339816,0.315975,0.023841
11,0.329578,0.306354,0.023224
11,0.335357,0.312242,0.023115
11,0.328542,0.305812,0.022730
11,0.338287,0.315389,0.022898
11,0.332043,0.309261,0.022782
11,0.334907,0.312035,0.022872
11,0.339127,0.315212,0.023915
11,0.330669,0.307910,0.022759
11,0.334981,0.311492,0.023489
11,0.332940,0.310205,0.022735
11,0.332998,0.310071,0.022928
11,0.331437,0.308929,0.022508
11,0.335724,0.312579,0.023145
11,0.338837,0.314972,0.023865
11,0.333560,0.310286,0.023274
11,0.339379,0.316367,0.023012
11,0.328848,0.306358,0.022490
11,0.336953,0.313972,0.022981
11,0.331281,0.308614,0.022667
11,0.335129,0.312088,0.023041
11,0.332954,0.310112,0.022842
11,0.335736,0.312725,0.023011
11,0.336393,0.313343,0.023050
11,0.333060,0.310181,0.022879
11,0.335628,0.311988,0.023640
11,0.328333,0.305808,0.022525
11,0.333281,0.310571,0.022710
11,0.328914,0.306451,0.022463
11,0.338806,0.314195,0.024611
11,0.334152,0.311230,0.022922
11,0.339491,0.316277,0.023214
11,0.340995,0.317380,0.023615
11,0.336233,0.313253,0.022980
11,0.335973,0.313074,0.022899
11,0.338656,0.315499,0.023157
11,0.342775,0.319536,0.023239
11,0.298890,0.278476,0.020414
11,0.341277,0.317974,0.023303
11,0.341206,0.317953,0.023253
11,0.330891,0.307364,0.023528
11,0.339943,0.316376,0.023567
11,0.337688,0.314486,0.023202
11,0.340562,0.317285,0.023278
11,0.339693,0.316365,0.023328
11,0.336871,0.313821,0.023050
11,0.341795,0.318524,0.023272
11,0.337848,0.314751,0.023097

12,0.338766,0.315911,0.022855
12,0.326425,0.304484,0.021941
12,0.339800,0.316929,0.022871
12,0.328008,0.306038,0.021970
12,0.338233,0.315474,0.022759
12,0.340782,0.317123,0.023659
12,0.332229,0.309845,0.022384
12,0.333846,0.311342,0.022504
12,0.333685,0.311169,0.022516
12,0.335697,0.313104,0.022593
12,0.301544,0.281272,0.020272
12,0.335427,0.312879,0.022548
12,0.341161,0.318303,0.022858
12,0.337647,0.314138,0.023509
12,0.333660,0.311155,0.022506
12,0.328055,0.306045,0.022010
12,0.341072,0.318282,0.022790
12,0.338137,0.315517,0.022620
12,0.339076,0.316244,0.022832
12,0.342089,0.319042,0.023047
12,0.281618,0.262767,0.018851
12,0.337733,0.314987,0.022746
12,0.340569,0.317593,0.022976
12,0.337659,0.315059,0.022600
12,0.340334,0.317331,0.023003
12,0.339958,0.317177,0.022781
12,0.258341,0.240280,0.018061
12,0.335989,0.313254,0.022735
12,0.337591,0.314785,0.022807
12,0.338412,0.315475,0.022937
12,0.337222,0.314563,0.022659
12,0.340272,0.316573,0.023699
12,0.331577,0.309289,0.022288
12,0.338732,0.315891,0.022841
12,0.341018,0.318145,0.022873
12,0.326922,0.304948,0.021974
12,0.287501,0.268264,0.019237
12,0.337275,0.314469,0.022806
12,0.342158,0.319288,0.022871
12,0.340125,0.316524,0.023601
12,0.327311,0.305337,0.021974
12,0.341715,0.317979,0.023736
12,0.336082,0.312708,0.023374
12,0.338160,0.315443,0.022717
12,0.335084,0.312632,0.022452
12,0.340873,0.317967,0.022906
12,0.340842,0.318086,0.022756
12,0.323431,0.300974,0.022457
12,0.339458,0.316468,0.022990
12,0.334884,0.312610,0.022274
12,0.337269,0.314660,0.022609
12,0.336506,0.313780,0.022726
12,0.337382,0.314678,0.022704
12,0.336113,0.313521,0.022592
12,0.338792,0.315952,0.022840
12,0.339559,0.316542,0.023017
12,0.336442,0.313817,0.022625
12,0.340564,0.316890,0.023674
12,0.336403,0.313784,0.022619
12,0.337988,0.315236,0.022752
12,0.337837,0.315111,0.022726
12,0.332069,0.309517,0.022552
12,0.337807,0.315155,0.022652
12,0.325810,0.303862,0.021949
12,0.336939,0.314179,0.022760
12,0.328997,0.307110,0.021887
12,0.203965,0.190244,0.013721
12,0.329700,0.307571,0.022129
12,0.340372,0.317525,0.022847
12,0.333246,0.310905,0.022341
12,0.339724,0.316873,0.022851
12,0.339534,0.316754,0.022780
12,0.339270,0.316446,0.022824
12,0.337259,0.314603,0.022656
12,0.338575,0.315827,0.022748
12,0.332087,0.309739,0.022347
12,0.333001,0.310577,0.022424
12,0.339504,0.316619,0.022885
12,0.335757,0.313160,0.022597
12,0.340899,0.318019,0.022880
12,0.341482,0.318662,0.022820
12,0.337390,0.314648,0.022743
12,0.339614,0.316673,0.022941
12,0.334588,0.312099,0.022489
12,0.338121,0.315505,0.022616
12,0.337125,0.314406,0.022719
12,0.328272,0.306468,0.021804
12,0.329140,0.306274,0.022866
12,0.337378,0.314702,0.022676
12,0.338766,0.315877,0.022888
12,0.327983,0.306125,0.021858
12,0.329246,0.307414,0.021832
12,0.338175,0.315370,0.022805
12,0.338946,0.316028,0.022918
12,0.335516,0.313019,0.022497
12,0.329376,0.307371,0.022005
12,0.338449,0.315706,0.022743
12,0.337267,0.314536,0.022731
12,0.330248,0.308149,0.022099
12,0.338879,0.315979,0.022900

13,0.344090,0.322234,0.021856
13,0.343110,0.321312,0.021798
13,0.344743,0.322931,0.021812
13,0.345255,0.322766,0.022489
13,0.344507,0.322617,0.021890
13,0.344728,0.322814,0.021914
13,0.215953,0.201546,0.014406
13,0.344183,0.322369,0.021814
13,0.344239,0.322440,0.021799
13,0.345138,0.323374,0.021764
13,0.344962,0.323016,0.021946
13,0.345402,0.323131,0.022271
13,0.346604,0.324700,0.021904
13,0.260352,0.243059,0.017293
13,0.345330,0.323560,0.021770
13,0.345333,0.322765,0.022568
13,0.276623,0.258394,0.018229
13,0.344477,0.322647,0.021830
13,0.346464,0.323689,0.022775
13,0.344256,0.321634,0.022622
13,0.346683,0.324729,0.021954
13,0.345527,0.323645,0.021882
13,0.344347,0.322480,0.021867
13,0.345952,0.324041,0.021911
13,0.344754,0.322924,0.021830
13,0.345646,0.323551,0.022095
13,0.346693,0.324359,0.022334
13,0.346723,0.324164,0.022559
13,0.345527,0.322902,0.022625
13,0.342652,0.320783,0.021869
13,0.344253,0.322384,0.021869
13,0.344062,0.321543,0.022519
13,0.344980,0.322689,0.022291
13,0.342645,0.320836,0.021809
13,0.343402,0.321575,0.021827
13,0.343892,0.322061,0.021831
13,0.344647,0.322851,0.021796
13,0.344165,0.322347,0.021818
13,0.343843,0.322005,0.021838
13,0.344674,0.322735,0.021939
13,0.346408,0.323705,0.022703
13,0.345441,0.323532,0.021909
13,0.344342,0.322512,0.021830
13,0.343902,0.321986,0.021916
13,0.345496,0.323640,0.021856
13,0.343540,0.321691,0.021850
13,0.344199,0.322389,0.021810
13,0.344591,0.322853,0.021738
13,0.345209,0.322574,0.022635
13,0.343463,0.321693,0.021770
13,0.344001,0.322273,0.021728
13,0.342173,0.320419,0.021754
13,0.345047,0.322430,0.022617
13,0.345255,0.322796,0.022459
13,0.343638,0.321801,0.021837
13,0.345780,0.323925,0.021855
13,0.345020,0.323139,0.021881
13,0.344574,0.322661,0.021913
13,0.344708,0.322813,0.021895
13,0.343571,0.321856,0.021715
13,0.343432,0.321635,0.021797
13,0.239597,0.223702,0.015894
13,0.344546,0.322754,0.021792
13,0.346402,0.323801,0.022601
13,0.343386,0.321544,0.021842
13,0.343513,0.321702,0.021811
13,0.343230,0.321549,0.021681
13,0.343396,0.321507,0.021888
13,0.346761,0.324207,0.022554
13,0.345887,0.323996,0.021891
13,0.347596,0.325767,0.021829
13,0.345238,0.323350,0.021888
13,0.345192,0.323352,0.021840
13,0.345641,0.323842,0.021799
13,0.343207,0.321430,0.021777
13,0.345397,0.323322,0.022075
13,0.343416,0.321607,0.021809
13,0.345598,0.323788,0.021810
13,0.345384,0.323567,0.021817
13,0.344152,0.322291,0.021861
13,0.344874,0.323075,0.021799
13,0.346740,0.324235,0.022505
13,0.345096,0.322463,0.022633
13,0.344066,0.322241,0.021825
13,0.343627,0.321857,0.021770
13,0.345072,0.322666,0.022406
13,0.344855,0.323098,0.021757
13,0.343880,0.322104,0.021776
13,0.343950,0.322216,0.021734
13,0.345031,0.323114,0.021917
13,0.346374,0.323785,0.022589
13,0.343616,0.321845,0.021771
13,0.345017,0.323219,0.021798
13,0.344255,0.322405,0.021850
13,0.346361,0.323634,0.022727
13,0.343683,0.321836,0.021847
13,0.343018,0.321152,0.021866
13,0.343259,0.320538,0.022721
13,0.345416,0.323607,0.021809
13,0.344387,0.322526,0.021861

14,0.309443,0.288502,0.020941
14,0.311894,0.290887,0.021007
14,0.309183,0.288276,0.020907
14,0.310453,0.289309,0.021144
14,0.256655,0.238594,0.018062
14,0.309950,0.288946,0.021004
14,0.309263,0.288229,0.021034
14,0.309930,0.289024,0.020906
14,0.310197,0.289177,0.021020
14,0.308598,0.287441,0.021157
14,0.309849,0.288805,0.021044
14,0.250296,0.232580,0.017716
14,0.312368,0.291462,0.020906
14,0.310097,0.289130,0.020967
14,0.310958,0.289916,0.021042
14,0.310964,0.289975,0.020989
14,0.309706,0.288742,0.020964
14,0.310791,0.289746,0.021045
14,0.309713,0.288704,0.021009
14,0.308821,0.287468,0.021353
14,0.310328,0.289245,0.021083
14,0.309054,0.288125,0.020930
14,0.311599,0.290663,0.020936
14,0.309114,0.288127,0.020987
14,0.309845,0.288914,0.020931
14,0.309545,0.288540,0.021005
14,0.309841,0.288894,0.020947
14,0.308681,0.287646,0.021035
14,0.310003,0.288710,0.021293
14,0.308474,0.287442,0.021031
14,0.311536,0.290439,0.021097
14,0.309539,0.288634,0.020905
14,0.309597,0.288650,0.020947
14,0.309250,0.288250,0.021000
14,0.310668,0.289679,0.020989
14,0.311020,0.290111,0.020909
14,0.310235,0.288937,0.021298
14,0.310672,0.289706,0.020966
14,0.310475,0.289411,0.021064
14,0.309407,0.288400,0.021007
14,0.274837,0.255620,0.019217
14,0.309888,0.288958,0.020930
14,0.311599,0.290496,0.021103
14,0.309762,0.288793,0.020969
14,0.309094,0.288133,0.020962
14,0.310841,0.289855,0.020985
14,0.309278,0.288275,0.021003
14,0.310387,0.289332,0.021055
14,0.309917,0.288818,0.021099
14,0.312105,0.290756,0.021349
14,0.308441,0.287489,0.020952
14,0.310361,0.289058,0.021303
14,0.310848,0.289815,0.021033
14,0.310951,0.289972,0.020979
14,0.242343,0.226001,0.016342
14,0.310445,0.289517,0.020928
14,0.311049,0.289976,0.021073
14,0.309466,0.288409,0.021057
14,0.310357,0.288522,0.021834
14,0.310406,0.289302,0.021104
14,0.309249,0.288271,0.020978
14,0.309649,0.288689,0.020960
14,0.308739,0.287755,0.020984
14,0.309889,0.288816,0.021073
14,0.309247,0.288290,0.020957
14,0.310602,0.289666,0.020936
14,0.308184,0.287183,0.021001
14,0.310218,0.289170,0.021048
14,0.311421,0.290429,0.020992
14,0.311115,0.290151,0.020964
14,0.310536,0.288293,0.022243
14,0.309680,0.288753,0.020927
14,0.309991,0.288639,0.021353
14,0.309221,0.288286,0.020935
14,0.308691,0.287561,0.021130
14,0.310790,0.288464,0.022326
14,0.309414,0.288422,0.020992
14,0.321148,0.300142,0.021006
14,0.264816,0.246956,0.017860
14,0.308769,0.287639,0.021130
14,0.310614,0.289609,0.021005
14,0.309083,0.288116,0.020967
14,0.310087,0.289060,0.021027
14,0.308620,0.287523,0.021098
14,0.309056,0.288054,0.021002
14,0.279463,0.260598,0.018865
14,0.309013,0.288024,0.020989
14,0.277521,0.258762,0.018759
14,0.309171,0.288087,0.021084
14,0.273810,0.255387,0.018423
14,0.308131,0.287197,0.020934
14,0.311300,0.290169,0.021131
14,0.308344,0.287344,0.021000
14,0.310719,0.289674,0.021045
14,0.309471,0.288478,0.020993
14,0.310655,0.289594,0.021061
14,0.279485,0.260638,0.018848
14,0.308637,0.287688,0.020949
14,0.310713,0.289685,0.021028
14,0.309392,0.288401,0.020992

15,0.316483,0.296033,0.020450
15,0.316958,0.296669,0.020288
15,0.316875,0.296605,0.020270
15,0.319649,0.299299,0.020350
15,0.316669,0.296359,0.020310
15,0.317107,0.296703,0.020404
15,0.318568,0.298289,0.020279
15,0.318630,0.298285,0.020345
15,0.318825,0.298496,0.020329
15,0.320664,0.300416,0.020248
15,0.318014,0.297729,0.020285
15,0.319548,0.299150,0.020399
15,0.302891,0.282774,0.020117
15,0.318801,0.298438,0.020363
15,0.319281,0.298945,0.020336
15,0.317294,0.296985,0.020309
15,0.318087,0.297753,0.020334
15,0.319274,0.298963,0.020311
15,0.316604,0.296302,0.020302
15,0.319446,0.299122,0.020324
15,0.316527,0.296178,0.020350
15,0.317225,0.296812,0.020413
15,0.318950,0.297786,0.021164
15,0.319213,0.298795,0.020418
15,0.318157,0.297807,0.020350
15,0.319418,0.299218,0.020200
15,0.317253,0.296957,0.020296
15,0.320208,0.299969,0.020239
15,0.320256,0.299807,0.020449
15,0.318017,0.297799,0.020218
15,0.318622,0.298321,0.020302
15,0.294107,0.275342,0.018765
15,0.318140,0.297740,0.020400
15,0.320198,0.299030,0.021168
15,0.317653,0.297365,0.020288
15,0.318037,0.297819,0.020218
15,0.278153,0.260506,0.017648
15,0.317939,0.297645,0.020294
15,0.321932,0.301590,0.020342
15,0.317876,0.297650,0.020226
15,0.317865,0.297365,0.020500
15,0.319726,0.299350,0.020376
15,0.317106,0.296823,0.020283
15,0.317504,0.297196,0.020308
15,0.291871,0.272532,0.019340
15,0.317847,0.297595,0.020252
15,0.319717,0.299286,0.020431
15,0.318013,0.297788,0.020225
15,0.318344,0.298064,0.020280
15,0.318741,0.298272,0.020469
15,0.316726,0.296435,0.020291
15,0.320638,0.300051,0.020587
15,0.319388,0.298878,0.020510
15,0.318477,0.298152,0.020325
15,0.320216,0.299212,0.021005
15,0.318439,0.298052,0.020387
15,0.317558,0.297062,0.020496
15,0.317566,0.297310,0.020257
15,0.317555,0.297131,0.020425
15,0.317884,0.297467,0.020417
15,0.319645,0.299498,0.020147
15,0.316628,0.296295,0.020333
15,0.320361,0.299785,0.020576
15,0.319146,0.297992,0.021154
15,0.318620,0.297973,0.020647
15,0.320040,0.299673,0.020367
15,0.318336,0.297141,0.021195
15,0.318264,0.297817,0.020447
15,0.319279,0.298181,0.021098
15,0.318435,0.298225,0.020210
15,0.317247,0.297034,0.020213
15,0.321177,0.300859,0.020318
15,0.317400,0.297172,0.020228
15,0.318656,0.298383,0.020273
15,0.285597,0.266588,0.019009
15,0.317392,0.297117,0.020275
15,0.318586,0.298227,0.020359
15,0.318023,0.297692,0.020331
15,0.319131,0.298691,0.020440
15,0.277221,0.259575,0.017646
15,0.318482,0.298255,0.020227
15,0.319326,0.299081,0.020245
15,0.318003,0.297713,0.020291
15,0.316572,0.296219,0.020353
15,0.317646,0.297268,0.020378
15,0.317448,0.297057,0.020391
15,0.320217,0.299789,0.020428
15,0.318909,0.297649,0.021260
15,0.319989,0.299366,0.020623
15,0.319384,0.299054,0.020330
15,0.318729,0.297557,0.021172
15,0.318365,0.298032,0.020333
15,0.319375,0.298912,0.020463
15,0.318336,0.298095,0.020241
15,0.318478,0.297869,0.020609
15,0.319125,0.298849,0.020276
15,0.318128,0.297865,0.020262
15,0.320198,0.299023,0.021175
15,0.319384,0.299078,0.020306
15,0.316962,0.296585,0.020377

16,0.281676,0.261989,0.019687
16,0.279812,0.260041,0.019771
16,0.281193,0.260596,0.020597
16,0.280630,0.260763,0.019867
16,0.282791,0.263021,0.019769
16,0.268987,0.249339,0.019648
16,0.270305,0.251319,0.018986
16,0.279650,0.259922,0.019728
16,0.280598,0.260870,0.019728
16,0.281440,0.261671,0.019769
16,0.280256,0.260516,0.019740
16,0.282287,0.261755,0.020532
16,0.281068,0.261231,0.019837
16,0.237131,0.220484,0.016647
16,0.280770,0.260996,0.019774
16,0.280486,0.260776,0.019710
16,0.281040,0.260429,0.020611
16,0.280387,0.260687,0.019700
16,0.280772,0.260899,0.019873
16,0.280590,0.260846,0.019744
16,0.280983,0.261173,0.019809
16,0.280990,0.261278,0.019711
16,0.269019,0.250099,0.018920
16,0.280008,0.260182,0.019826
16,0.280227,0.260419,0.019808
16,0.212977,0.197953,0.015024
16,0.280438,0.260597,0.019841
16,0.280438,0.260638,0.019800
16,0.282151,0.262297,0.019854
16,0.280257,0.260439,0.019818
16,0.281098,0.261394,0.019704
16,0.280137,0.260315,0.019822
16,0.281631,0.261038,0.020593
16,0.280401,0.259941,0.020460
16,0.338593,0.318885,0.019708
16,0.280905,0.261125,0.019780
16,0.279904,0.260099,0.019805
16,0.280136,0.259550,0.020586
16,0.280396,0.259823,0.020573
16,0.280831,0.260912,0.019919
16,0.280643,0.260841,0.019802
16,0.280982,0.261156,0.019826
16,0.280312,0.259683,0.020629
16,0.280560,0.260818,0.019742
16,0.279717,0.259886,0.019831
16,0.207671,0.193085,0.014585
16,0.278969,0.258445,0.020524
16,0.280984,0.261205,0.019779
16,0.210202,0.194555,0.015647
16,0.280606,0.260884,0.019722
16,0.279294,0.259302,0.019992
16,0.282146,0.262350,0.019797
16,0.278945,0.258383,0.020562
16,0.282042,0.261480,0.020562
16,0.280900,0.261070,0.019830
16,0.281505,0.261753,0.019753
16,0.278856,0.258305,0.020551
16,0.281753,0.261154,0.020599
16,0.281391,0.261710,0.019681
16,0.281868,0.262162,0.019706
16,0.190141,0.176607,0.013534
16,0.280126,0.259636,0.020490
16,0.280577,0.260750,0.019828
16,0.280847,0.261051,0.019796
16,0.279080,0.259279,0.019801
16,0.281349,0.261541,0.019808
16,0.279348,0.259474,0.019874
16,0.247304,0.229917,0.017387
16,0.280305,0.259779,0.020526
16,0.281638,0.261156,0.020483
16,0.220443,0.204991,0.015452
16,0.280448,0.260701,0.019747
16,0.279865,0.260157,0.019708
16,0.282438,0.260913,0.021525
16,0.281383,0.260690,0.020693
16,0.281598,0.261849,0.019749
16,0.279984,0.260152,0.019832
16,0.280871,0.260286,0.020585
16,0.279749,0.260032,0.019717
16,0.281304,0.261549,0.019754
16,0.280100,0.260259,0.019841
16,0.281970,0.262181,0.019789
16,0.279622,0.258909,0.020713
16,0.281646,0.261092,0.020554
16,0.285724,0.265935,0.019789
16,0.281083,0.261346,0.019737
16,0.280992,0.260986,0.020006
16,0.281951,0.262159,0.019792
16,0.280296,0.259740,0.020556
16,0.280661,0.260983,0.019678
16,0.281245,0.261075,0.020169
16,0.279775,0.259244,0.020531
16,0.280404,0.260596,0.019808
16,0.280252,0.259732,0.020520
16,0.281166,0.260251,0.020915
16,0.280550,0.259954,0.020596
16,0.280218,0.260523,0.019695
16,0.222130,0.206610,0.015520
16,0.286215,0.266320,0.019895
16,0.280393,0.260561,0.019832

