1,1.606707,1.421105,0.185602
1,1.610149,1.423662,0.186487
1,1.598317,1.412872,0.185445
1,1.608092,1.422280,0.185812
1,1.651755,1.460706,0.191049
1,1.628242,1.439948,0.188294
1,1.628504,1.440491,0.188013
1,1.603971,1.418827,0.185144
1,1.598745,1.414341,0.184404
1,1.615010,1.428983,0.186027
1,1.614871,1.428127,0.186744
1,1.597268,1.413032,0.184236
1,1.588728,1.404870,0.183858
1,1.589761,1.405757,0.184004
1,1.593942,1.409862,0.184080
1,1.600193,1.415268,0.184925
1,1.603907,1.419031,0.184876
1,1.610187,1.424285,0.185902
1,1.603885,1.418522,0.185363
1,1.628233,1.440723,0.187510
1,1.664917,1.472692,0.192225
1,1.675676,1.482181,0.193495
1,1.674389,1.481329,0.193060
1,1.672580,1.479959,0.192621
1,1.626694,1.439239,0.187455
1,1.601345,1.417301,0.184044
1,1.599469,1.415270,0.184199
1,1.608193,1.422933,0.185260
1,1.606788,1.421552,0.185236
1,1.590407,1.407397,0.183010
1,1.585230,1.402682,0.182548
1,1.598804,1.414500,0.184304
1,1.608728,1.423418,0.185310
1,1.609129,1.423603,0.185526
1,1.633038,1.443172,0.189866
1,1.635894,1.446819,0.189075
1,1.644274,1.453538,0.190736
1,1.610609,1.424969,0.185639
1,1.597323,1.413025,0.184298
1,1.602820,1.417939,0.184881
1,1.596480,1.412193,0.184287
1,1.620691,1.433672,0.187019
1,1.610707,1.424895,0.185812
1,1.603734,1.418781,0.184953
1,1.596817,1.411888,0.184929
1,1.601939,1.417669,0.184270
1,1.602525,1.417800,0.184725
1,1.595725,1.411458,0.184267
1,1.608205,1.422148,0.186057
1,1.597437,1.413737,0.183700
1,1.600463,1.415721,0.184742
1,1.595487,1.412090,0.183397
1,1.602063,1.417566,0.184497
1,1.635340,1.446678,0.188662
1,1.692390,1.496960,0.195430
1,1.737716,1.537691,0.200025
1,1.758016,1.555699,0.202317
1,1.724204,1.525827,0.198377
1,1.687102,1.492823,0.194279
1,1.604492,1.419363,0.185129
1,1.606651,1.420935,0.185716
1,1.594654,1.411250,0.183404
1,1.603938,1.419561,0.184376
1,1.602990,1.417731,0.185260
1,1.588150,1.404839,0.183311
1,1.599963,1.415428,0.184535
1,1.607563,1.422689,0.184874
1,1.607495,1.421647,0.185848
1,1.602104,1.417536,0.184567
1,1.698501,1.502472,0.196028
1,1.642636,1.451330,0.191306
1,1.604274,1.419390,0.184884
1,1.604033,1.419214,0.184819
1,1.602350,1.417811,0.184539
1,1.602644,1.418648,0.183996
1,1.602339,1.417783,0.184556
1,1.608375,1.423175,0.185200
1,1.606527,1.421987,0.184540
1,1.586977,1.404108,0.182869
1,1.586797,1.404073,0.182724
1,1.596454,1.412818,0.183636
1,1.611967,1.426960,0.185007
1,1.605143,1.420899,0.184244
1,1.610181,1.425279,0.184902
1,1.612520,1.427546,0.184974
1,1.602982,1.418761,0.184221
1,1.597966,1.415284,0.182682
1,1.591066,1.407926,0.183140
1,1.595517,1.412470,0.183048
1,1.605511,1.420667,0.184844
1,1.609105,1.424379,0.184726
1,1.604753,1.420334,0.184419
1,1.598945,1.415399,0.183546
1,1.613094,1.428351,0.184742
1,1.596616,1.413329,0.183286
1,1.601456,1.417734,0.183722
1,1.597000,1.412751,0.184248
1,1.605960,1.421166,0.184794
1,1.603858,1.419442,0.184416
1,1.608330,1.422869,0.185461

2,0.966379,0.869797,0.096583
2,0.971534,0.873914,0.097620
2,0.977727,0.879882,0.097845
2,0.989295,0.888752,0.100543
2,0.975375,0.877984,0.097391
2,0.976445,0.877784,0.098661
2,0.970135,0.872164,0.097971
2,0.980385,0.881449,0.098936
2,0.969416,0.872585,0.096831
2,0.974184,0.876174,0.098010
2,0.984629,0.885131,0.099498
2,0.972144,0.875006,0.097138
2,0.971383,0.873886,0.097497
2,0.978763,0.880280,0.098482
2,0.963756,0.867188,0.096568
2,0.971374,0.873386,0.097988
2,0.968791,0.871773,0.097018
2,0.980967,0.882782,0.098185
2,0.978579,0.880578,0.098001
2,0.974136,0.876836,0.097300
2,0.981452,0.882827,0.098625
2,0.976256,0.878277,0.097979
2,0.982135,0.883065,0.099070
2,0.978704,0.880592,0.098112
2,0.980569,0.882015,0.098554
2,0.978423,0.880321,0.098103
2,0.978766,0.880765,0.098001
2,0.969752,0.872167,0.097585
2,0.973424,0.875276,0.098148
2,0.963876,0.866985,0.096891
2,0.980034,0.882041,0.097993
2,0.969326,0.871815,0.097511
2,0.975008,0.876786,0.098222
2,0.980868,0.881506,0.099362
2,0.974158,0.876585,0.097573
2,0.979328,0.881795,0.097533
2,0.975100,0.877509,0.097591
2,0.980311,0.881886,0.098425
2,0.972200,0.874508,0.097692
2,0.965168,0.868392,0.096776
2,0.979703,0.880897,0.098806
2,0.971614,0.874101,0.097513
2,0.966431,0.869940,0.096491
2,0.960924,0.864029,0.096895
2,0.974503,0.876330,0.098173
2,0.968480,0.871918,0.096562
2,0.976679,0.878585,0.098094
2,0.980468,0.881963,0.098505
2,0.960794,0.864172,0.096623
2,0.966873,0.869880,0.096993
2,0.978382,0.879869,0.098513
2,0.971318,0.872871,0.098447
2,0.974079,0.875994,0.098085
2,0.982263,0.884181,0.098082
2,1.020992,0.918514,0.102478
2,0.988488,0.888477,0.100011
2,0.990521,0.890976,0.099545
2,0.991460,0.891652,0.099808
2,0.980735,0.882010,0.098724
2,0.975223,0.876418,0.098805
2,0.973423,0.875665,0.097758
2,0.970266,0.873280,0.096986
2,0.975757,0.878230,0.097527
2,0.963909,0.866715,0.097194
2,0.975521,0.877686,0.097835
2,0.972404,0.875145,0.097259
2,0.969721,0.872269,0.097452
2,0.980638,0.881968,0.098670
2,0.966334,0.869838,0.096495
2,0.964761,0.867883,0.096878
2,0.980064,0.880611,0.099453
2,0.977949,0.879508,0.098441
2,0.973393,0.875262,0.098132
2,0.965024,0.867953,0.097071
2,0.976252,0.878266,0.097986
2,0.957118,0.860832,0.096286
2,0.972742,0.874504,0.098238
2,0.976629,0.878642,0.097987
2,0.971512,0.873766,0.097746
2,0.970910,0.874562,0.096348
2,0.970597,0.873285,0.097312
2,0.976040,0.878300,0.097740
2,0.976192,0.878032,0.098160
2,0.969921,0.872369,0.097552
2,0.978670,0.880784,0.097886
2,0.972723,0.875290,0.097433
2,0.977726,0.879313,0.098413
2,0.969999,0.873343,0.096656
2,0.975279,0.876829,0.098450
2,0.977771,0.878378,0.099393
2,0.977060,0.879240,0.097820
2,0.980929,0.881831,0.099098
2,0.970853,0.873189,0.097664
2,0.974253,0.877341,0.096912
2,0.967338,0.869851,0.097487
2,0.974096,0.875740,0.098356
2,0.955812,0.859831,0.095981
2,0.975448,0.877995,0.097453
2,0.975131,0.877155,0.097976
2,0.983059,0.883393,0.099666

3,0.778894,0.711746,0.067147
3,0.778055,0.710340,0.067715
3,0.770766,0.704132,0.066634
3,0.774443,0.707577,0.066866
3,0.773803,0.706898,0.066905
3,0.778283,0.711233,0.067050
3,0.778917,0.711941,0.066976
3,0.776271,0.709391,0.066880
3,0.775343,0.708599,0.066744
3,0.774774,0.707883,0.066891
3,0.770173,0.704003,0.066170
3,0.771589,0.704695,0.066894
3,0.774646,0.707608,0.067038
3,0.771412,0.704285,0.067127
3,0.774754,0.708156,0.066598
3,0.778401,0.710658,0.067744
3,0.774908,0.707930,0.066978
3,0.774279,0.707466,0.066813
3,0.777429,0.710762,0.066667
3,0.772808,0.706282,0.066526
3,0.776780,0.709717,0.067063
3,0.773998,0.707231,0.066767
3,0.773176,0.706386,0.066790
3,0.771030,0.704219,0.066812
3,0.771552,0.705109,0.066443
3,0.778452,0.711019,0.067433
3,0.770227,0.703646,0.066581
3,0.765232,0.698884,0.066348
3,0.774980,0.707916,0.067064
3,0.770656,0.703469,0.067187
3,0.778375,0.711172,0.067203
3,0.777261,0.710023,0.067238
3,0.772322,0.705122,0.067200
3,0.784394,0.716470,0.067924
3,0.776933,0.710036,0.066897
3,0.767507,0.701092,0.066415
3,0.769892,0.703388,0.066504
3,0.776360,0.708997,0.067363
3,0.772400,0.705312,0.067088
3,0.774323,0.707282,0.067041
3,0.772509,0.705836,0.066673
3,0.773350,0.706009,0.067341
3,0.777691,0.710382,0.067309
3,0.779030,0.711872,0.067158
3,0.767944,0.701158,0.066786
3,0.775916,0.708173,0.067743
3,0.773334,0.705754,0.067580
3,0.779117,0.711876,0.067241
3,0.769817,0.703002,0.066815
3,0.777115,0.709628,0.067487
3,0.772388,0.705823,0.066565
3,0.769334,0.702488,0.066845
3,0.778415,0.711282,0.067133
3,0.773810,0.706333,0.067477
3,0.765900,0.699059,0.066841
3,0.782394,0.714817,0.067578
3,0.777004,0.709200,0.067804
3,0.778697,0.711500,0.067197
3,0.782246,0.715150,0.067096
3,0.773401,0.706409,0.066993
3,0.768965,0.702420,0.066545
3,0.773766,0.706500,0.067266
3,0.782053,0.714803,0.067250
3,0.775631,0.708674,0.066957
3,0.777547,0.710550,0.066997
3,0.782191,0.714253,0.067938
3,0.806198,0.736176,0.070022
3,0.781891,0.714026,0.067865
3,0.776629,0.709606,0.067023
3,0.778565,0.711495,0.067070
3,0.769714,0.702602,0.067112
3,0.774664,0.707574,0.067090
3,0.771993,0.704532,0.067461
3,0.779307,0.712313,0.066994
3,0.775207,0.708108,0.067099
3,0.775316,0.708325,0.066991
3,0.766677,0.700265,0.066411
3,0.775045,0.707645,0.067400
3,0.776228,0.709420,0.066808
3,0.769064,0.702342,0.066722
3,0.770497,0.703956,0.066541
3,0.767652,0.701100,0.066552
3,0.767987,0.701308,0.066679
3,0.770103,0.703456,0.066647
3,0.769574,0.702984,0.066590
3,0.771677,0.704898,0.066779
3,0.781832,0.714667,0.067165
3,0.771620,0.704872,0.066748
3,0.781956,0.714653,0.067303
3,0.779443,0.711661,0.067782
3,0.783279,0.715485,0.067794
3,0.769485,0.702523,0.066962
3,0.778424,0.711346,0.067078
3,0.769798,0.703226,0.066572
3,0.776158,0.708550,0.067608
3,0.780573,0.712769,0.067805
3,0.777648,0.710259,0.067389
3,0.779759,0.712646,0.067113
3,0.772224,0.705091,0.067133
3,0.772916,0.706182,0.066734

4,0.624867,0.574094,0.050773
4,0.627222,0.575754,0.051468
4,0.635234,0.583383,0.051851
4,0.628844,0.577381,0.051463
4,0.630233,0.578744,0.051489
4,0.628433,0.577044,0.051389
4,0.634535,0.582468,0.052067
4,0.632109,0.580697,0.051412
4,0.625775,0.574733,0.051042
4,0.630090,0.578929,0.051161
4,0.632750,0.581194,0.051556
4,0.631263,0.579866,0.051397
4,0.629892,0.578740,0.051152
4,0.628623,0.577945,0.050678
4,0.637491,0.585501,0.051990
4,0.635757,0.584309,0.051448
4,0.633497,0.581800,0.051697
4,0.639526,0.587474,0.052052
4,0.631315,0.579586,0.051729
4,0.634965,0.583069,0.051896
4,0.631029,0.579429,0.051600
4,0.631521,0.579797,0.051724
4,0.629407,0.577729,0.051677
4,0.629900,0.578642,0.051258
4,0.636942,0.585086,0.051856
4,0.633423,0.581536,0.051887
4,0.633059,0.581492,0.051567
4,0.628765,0.577952,0.050812
4,0.626895,0.575726,0.051169
4,0.631552,0.579927,0.051625
4,0.630719,0.579325,0.051394
4,0.620485,0.569598,0.050887
4,0.619814,0.569155,0.050658
4,0.617868,0.567416,0.050452
4,0.628466,0.577229,0.051237
4,0.624297,0.573333,0.050964
4,0.629264,0.577980,0.051284
4,0.623364,0.572445,0.050919
4,0.617744,0.567083,0.050661
4,0.624157,0.573372,0.050785
4,0.627015,0.575815,0.051200
4,0.627973,0.577263,0.050710
4,0.628780,0.577602,0.051178
4,0.632187,0.581211,0.050976
4,0.632086,0.580235,0.051851
4,0.631171,0.580019,0.051152
4,0.634272,0.582832,0.051440
4,0.627381,0.575954,0.051426
4,0.621683,0.570786,0.050897
4,0.633068,0.581258,0.051810
4,0.630488,0.579426,0.051062
4,0.624604,0.573890,0.050714
4,0.625234,0.574895,0.050339
4,0.620994,0.570190,0.050803
4,0.626258,0.575202,0.051056
4,0.633273,0.581707,0.051567
4,0.624391,0.573604,0.050787
4,0.627614,0.576735,0.050879
4,0.626683,0.575537,0.051146
4,0.624953,0.573728,0.051225
4,0.627847,0.576751,0.051096
4,0.624499,0.573839,0.050660
4,0.624498,0.573837,0.050661
4,0.624863,0.574196,0.050667
4,0.632453,0.580831,0.051622
4,0.632093,0.580831,0.051262
4,0.628387,0.577491,0.050896
4,0.628532,0.577108,0.051424
4,0.629830,0.578617,0.051213
4,0.631847,0.579801,0.052046
4,0.630717,0.579530,0.051187
4,0.628449,0.577436,0.051013
4,0.627016,0.576657,0.050359
4,0.623961,0.573130,0.050831
4,0.625985,0.574811,0.051174
4,0.631257,0.579845,0.051411
4,0.632300,0.581109,0.051191
4,0.630372,0.579129,0.051243
4,0.635835,0.584593,0.051242
4,0.632843,0.581171,0.051672
4,0.630243,0.578904,0.051339
4,0.625102,0.574033,0.051069
4,0.627885,0.576643,0.051242
4,0.636576,0.584710,0.051866
4,0.633923,0.582716,0.051207
4,0.633175,0.581657,0.051517
4,0.633134,0.581879,0.051255
4,0.631643,0.580384,0.051260
4,0.636042,0.584347,0.051695
4,0.630768,0.579378,0.051390
4,0.633351,0.582084,0.051267
4,0.621886,0.570947,0.050939
4,0.630274,0.579227,0.051047
4,0.625792,0.574463,0.051329
4,0.634560,0.582922,0.051639
4,0.629390,0.578374,0.051016
4,0.634693,0.583336,0.051357
4,0.631756,0.580219,0.051538
4,0.628015,0.576654,0.051361
4,0.629653,0.578585,0.051068

5,0.642021,0.600582,0.041439
5,0.657404,0.615191,0.042213
5,0.668268,0.625514,0.042754
5,0.647117,0.605352,0.041765
5,0.656050,0.613917,0.042133
5,0.649694,0.608088,0.041606
5,0.657606,0.615572,0.042033
5,0.645811,0.604511,0.041300
5,0.645991,0.604390,0.041601
5,0.647615,0.605953,0.041662
5,0.648663,0.606640,0.042023
5,0.653376,0.611650,0.041726
5,0.655222,0.612903,0.042319
5,0.654508,0.612374,0.042134
5,0.652120,0.609973,0.042146
5,0.652138,0.610006,0.042132
5,0.646460,0.604933,0.041527
5,0.643355,0.601933,0.041422
5,0.652353,0.610657,0.041696
5,0.648130,0.606843,0.041287
5,0.639581,0.598459,0.041122
5,0.643245,0.601651,0.041594
5,0.652193,0.610557,0.041636
5,0.650983,0.609396,0.041587
5,0.651498,0.609823,0.041676
5,0.656439,0.614535,0.041904
5,0.646443,0.604621,0.041822
5,0.652533,0.610606,0.041927
5,0.649246,0.607707,0.041539
5,0.653209,0.611554,0.041655
5,0.651399,0.609729,0.041670
5,0.650077,0.607836,0.042241
5,0.650435,0.608812,0.041623
5,0.646735,0.605229,0.041506
5,0.648777,0.607120,0.041657
5,0.650138,0.608688,0.041450
5,0.650480,0.608682,0.041798
5,0.644569,0.603007,0.041562
5,0.640100,0.598883,0.041217
5,0.646691,0.605162,0.041529
5,0.649497,0.607563,0.041934
5,0.648468,0.606699,0.041769
5,0.646337,0.604303,0.042034
5,0.650436,0.608607,0.041829
5,0.646890,0.605517,0.041373
5,0.651412,0.610015,0.041397
5,0.650725,0.609151,0.041574
5,0.649802,0.608143,0.041659
5,0.647577,0.606057,0.041520
5,0.655450,0.613115,0.042336
5,0.653370,0.611819,0.041551
5,0.654768,0.613332,0.041436
5,0.649465,0.607791,0.041674
5,0.651201,0.609761,0.041440
5,0.653304,0.610928,0.042376
5,0.644409,0.602863,0.041546
5,0.641077,0.599703,0.041374
5,0.647747,0.606289,0.041458
5,0.645492,0.604045,0.041447
5,0.648453,0.607020,0.041433
5,0.644171,0.602660,0.041511
5,0.651096,0.609500,0.041596
5,0.651670,0.609934,0.041736
5,0.650240,0.608899,0.041341
5,0.656674,0.614899,0.041775
5,0.648843,0.607622,0.041221
5,0.646311,0.605106,0.041205
5,0.648036,0.606565,0.041471
5,0.647573,0.605800,0.041773
5,0.647104,0.605736,0.041368
5,0.648938,0.607313,0.041625
5,0.652601,0.611036,0.041565
5,0.657154,0.614980,0.042174
5,0.657024,0.615106,0.041918
5,0.654294,0.612691,0.041603
5,0.645088,0.603355,0.041733
5,0.655624,0.613958,0.041667
5,0.652170,0.610503,0.041667
5,0.648463,0.607230,0.041233
5,0.655578,0.613398,0.042181
5,0.650615,0.608734,0.041881
5,0.651337,0.609654,0.041683
5,0.647208,0.605690,0.041518
5,0.644141,0.602514,0.041627
5,0.650043,0.608613,0.041430
5,0.652193,0.610655,0.041538
5,0.648847,0.607513,0.041334
5,0.649950,0.608436,0.041514
5,0.657387,0.615525,0.041862
5,0.657740,0.615900,0.041840
5,0.651089,0.609494,0.041595
5,0.647930,0.606035,0.041895
5,0.652471,0.610591,0.041880
5,0.648833,0.607159,0.041673
5,0.660374,0.618433,0.041940
5,0.653570,0.612052,0.041518
5,0.658098,0.616449,0.041649
5,0.652326,0.610471,0.041854
5,0.650364,0.608518,0.041846
5,0.650879,0.609271,0.041608

6,0.615421,0.580520,0.034901
6,0.618955,0.583847,0.035108
6,0.608678,0.573792,0.034886
6,0.613671,0.578664,0.035007
6,0.622182,0.586534,0.035648
6,0.622787,0.587149,0.035638
6,0.618537,0.583484,0.035053
6,0.618271,0.583030,0.035241
6,0.625917,0.590494,0.035423
6,0.633405,0.597592,0.035813
6,0.624112,0.588513,0.035599
6,0.619334,0.583930,0.035404
6,0.621249,0.585623,0.035626
6,0.623334,0.587584,0.035749
6,0.628076,0.592389,0.035687
6,0.626428,0.590880,0.035548
6,0.620728,0.585199,0.035529
6,0.619993,0.584697,0.035296
6,0.616965,0.581422,0.035543
6,0.618420,0.582769,0.035650
6,0.623043,0.587728,0.035316
6,0.621542,0.586010,0.035532
6,0.619766,0.584307,0.035459
6,0.618241,0.582893,0.035348
6,0.617855,0.582631,0.035224
6,0.622825,0.587022,0.035803
6,0.620393,0.584743,0.035650
6,0.623807,0.588537,0.035271
6,0.617729,0.582198,0.035531
6,0.620448,0.585088,0.035360
6,0.617963,0.582821,0.035142
6,0.623115,0.587690,0.035425
6,0.616317,0.580747,0.035570
6,0.613373,0.578420,0.034953
6,0.619285,0.583844,0.035441
6,0.614004,0.578994,0.035010
6,0.622020,0.586783,0.035237
6,0.623282,0.587294,0.035988
6,0.618392,0.582963,0.035429
6,0.627947,0.592079,0.035868
6,0.619891,0.584360,0.035532
6,0.616302,0.580947,0.035355
6,0.633625,0.597445,0.036180
6,0.642390,0.605846,0.036544
6,0.643365,0.606502,0.036863
6,0.641013,0.604739,0.036274
6,0.652380,0.615054,0.037326
6,0.620620,0.585394,0.035226
6,0.613555,0.578829,0.034727
6,0.615114,0.580063,0.035051
6,0.619499,0.584579,0.034920
6,0.614933,0.579943,0.034990
6,0.619647,0.584584,0.035063
6,0.619951,0.584756,0.035195
6,0.621843,0.586347,0.035496
6,0.619050,0.583504,0.035546
6,0.632005,0.595983,0.036022
6,0.624337,0.588745,0.035592
6,0.620712,0.585204,0.035508
6,0.620657,0.585335,0.035322
6,0.625856,0.590004,0.035852
6,0.626750,0.591142,0.035608
6,0.629545,0.593575,0.035970
6,0.628828,0.593080,0.035748
6,0.631500,0.595841,0.035659
6,0.614801,0.579787,0.035014
6,0.623031,0.587368,0.035662
6,0.621091,0.585568,0.035523
6,0.614314,0.579249,0.035065
6,0.614829,0.580045,0.034784
6,0.609657,0.574775,0.034882
6,0.612625,0.577878,0.034747
6,0.618316,0.583156,0.035160
6,0.620748,0.585348,0.035400
6,0.622904,0.587394,0.035510
6,0.619261,0.584146,0.035115
6,0.618269,0.583074,0.035195
6,0.623859,0.588730,0.035130
6,0.631755,0.595781,0.035974
6,0.621571,0.586281,0.035290
6,0.612737,0.577873,0.034864
6,0.620196,0.585023,0.035173
6,0.620384,0.584688,0.035696
6,0.623506,0.587742,0.035764
6,0.626803,0.591237,0.035566
6,0.625944,0.590331,0.035613
6,0.624533,0.589083,0.035450
6,0.623914,0.588718,0.035196
6,0.612081,0.576951,0.035130
6,0.617020,0.581785,0.035235
6,0.626349,0.590847,0.035502
6,0.625713,0.589946,0.035767
6,0.626260,0.590740,0.035520
6,0.628544,0.592896,0.035648
6,0.628255,0.592347,0.035908
6,0.627197,0.591416,0.035781
6,0.623659,0.588268,0.035391
6,0.612902,0.578059,0.034843
6,0.616229,0.581304,0.034925
6,0.619713,0.584177,0.035536

7,0.471320,0.440675,0.030645
7,0.479358,0.447685,0.031672
7,0.478640,0.447904,0.030735
7,0.480434,0.449366,0.031068
7,0.485885,0.454970,0.030915
7,0.482558,0.450815,0.031743
7,0.483974,0.452872,0.031102
7,0.483411,0.452286,0.031126
7,0.481247,0.449874,0.031373
7,0.472683,0.442288,0.030395
7,0.477529,0.446681,0.030848
7,0.481100,0.450064,0.031036
7,0.475674,0.444743,0.030931
7,0.479903,0.448895,0.031008
7,0.475481,0.444788,0.030693
7,0.481721,0.450573,0.031148
7,0.474401,0.444040,0.030361
7,0.474830,0.444035,0.030795
7,0.471842,0.441355,0.030487
7,0.477320,0.446500,0.030820
7,0.469162,0.438825,0.030337
7,0.461475,0.431594,0.029881
7,0.468619,0.438156,0.030463
7,0.465431,0.435329,0.030102
7,0.478226,0.447417,0.030809
7,0.476126,0.445490,0.030636
7,0.472000,0.441564,0.030436
7,0.485727,0.454567,0.031160
7,0.476922,0.445750,0.031173
7,0.482173,0.450912,0.031261
7,0.478437,0.447641,0.030796
7,0.486662,0.455016,0.031646
7,0.484000,0.452976,0.031024
7,0.477456,0.446503,0.030953
7,0.455005,0.425420,0.029585
7,0.479927,0.448455,0.031472
7,0.479597,0.448765,0.030832
7,0.483301,0.451556,0.031745
7,0.483374,0.452152,0.031222
7,0.482085,0.450998,0.031087
7,0.477329,0.446402,0.030927
7,0.484218,0.452834,0.031384
7,0.475303,0.444163,0.031141
7,0.474125,0.443389,0.030736
7,0.474624,0.444158,0.030466
7,0.467696,0.436848,0.030848
7,0.469667,0.437798,0.031869
7,0.472516,0.441155,0.031361
7,0.473690,0.443152,0.030538
7,0.472175,0.441408,0.030767
7,0.478955,0.448149,0.030806
7,0.475086,0.444206,0.030880
7,0.477673,0.447019,0.030654
7,0.473630,0.442888,0.030742
7,0.478603,0.447633,0.030970
7,0.480540,0.449526,0.031014
7,0.473749,0.442762,0.030987
7,0.478696,0.447681,0.031015
7,0.475361,0.444489,0.030872
7,0.472890,0.442242,0.030648
7,0.477257,0.446255,0.031002
7,0.478163,0.447155,0.031008
7,0.482331,0.451366,0.030965
7,0.476738,0.445689,0.031049
7,0.478262,0.447304,0.030958
7,0.472959,0.441794,0.031165
7,0.471943,0.441513,0.030430
7,0.473432,0.442711,0.030721
7,0.470790,0.440319,0.030471
7,0.470233,0.439785,0.030448
7,0.468915,0.438055,0.030860
7,0.466257,0.435459,0.030798
7,0.477387,0.446600,0.030787
7,0.471601,0.441262,0.030339
7,0.414110,0.387534,0.026576
7,0.398114,0.372320,0.025794
7,0.475529,0.444716,0.030813
7,0.483794,0.452776,0.031018
7,0.477367,0.446400,0.030967
7,0.478729,0.447861,0.030868
7,0.475266,0.444352,0.030914
7,0.473416,0.442708,0.030708
7,0.480719,0.449355,0.031364
7,0.478683,0.446987,0.031696
7,0.479100,0.448231,0.030869
7,0.479192,0.448240,0.030952
7,0.475307,0.444286,0.031021
7,0.477187,0.446459,0.030728
7,0.484201,0.452072,0.032129
7,0.481874,0.450740,0.031134
7,0.480279,0.449392,0.030887
7,0.471551,0.440812,0.030739
7,0.477208,0.446423,0.030786
7,0.475929,0.445388,0.030541
7,0.474671,0.444090,0.030581
7,0.478361,0.446961,0.031400
7,0.487536,0.456248,0.031288
7,0.497474,0.465403,0.032071
7,0.498217,0.466160,0.032057
7,0.496061,0.463549,0.032512

8,0.504374,0.475634,0.028740
8,0.501558,0.472875,0.028683
8,0.493881,0.465276,0.028605
8,0.506085,0.476399,0.029686
8,0.499184,0.470666,0.028518
8,0.508935,0.479019,0.029916
8,0.499531,0.470965,0.028566
8,0.511316,0.481019,0.030297
8,0.494051,0.465811,0.028240
8,0.489496,0.461148,0.028348
8,0.504033,0.473899,0.030134
8,0.483052,0.455216,0.027836
8,0.486405,0.458444,0.027961
8,0.499460,0.469744,0.029716
8,0.480268,0.452720,0.027548
8,0.483646,0.455859,0.027787
8,0.481584,0.453924,0.027660
8,0.498565,0.468599,0.029966
8,0.479113,0.451322,0.027791
8,0.481730,0.453751,0.027979
8,0.485528,0.457494,0.028034
8,0.486745,0.458819,0.027926
8,0.487425,0.459377,0.028048
8,0.495368,0.466358,0.029010
8,0.487788,0.459731,0.028057
8,0.487975,0.459870,0.028105
8,0.485632,0.457702,0.027930
8,0.490074,0.462017,0.028057
8,0.486442,0.458786,0.027655
8,0.482262,0.453732,0.028530
8,0.486489,0.458556,0.027932
8,0.467046,0.439747,0.027299
8,0.487257,0.459414,0.027843
8,0.486356,0.458491,0.027865
8,0.495454,0.465690,0.029764
8,0.487604,0.459642,0.027962
8,0.501883,0.471219,0.030664
8,0.487445,0.459342,0.028103
8,0.490018,0.462002,0.028016
8,0.488192,0.460116,0.028076
8,0.499331,0.468457,0.030874
8,0.489550,0.461408,0.028142
8,0.480832,0.452116,0.028716
8,0.489603,0.461138,0.028465
8,0.485643,0.457742,0.027900
8,0.483653,0.456093,0.027560
8,0.485713,0.457448,0.028265
8,0.485577,0.456616,0.028961
8,0.490429,0.462245,0.028184
8,0.480775,0.451851,0.028924
8,0.482290,0.454710,0.027580
8,0.480648,0.452786,0.027862
8,0.478230,0.450247,0.027983
8,0.487318,0.459327,0.027991
8,0.500978,0.471653,0.029325
8,0.479355,0.451631,0.027724
8,0.487475,0.459485,0.027990
8,0.486976,0.459097,0.027879
8,0.486990,0.459043,0.027948
8,0.481020,0.453248,0.027772
8,0.484805,0.456826,0.027979
8,0.487963,0.459137,0.028826
8,0.486369,0.458206,0.028163
8,0.487264,0.459374,0.027890
8,0.484633,0.456804,0.027829
8,0.482178,0.454215,0.027963
8,0.483966,0.456070,0.027896
8,0.492159,0.464004,0.028155
8,0.500016,0.470347,0.029669
8,0.501248,0.471237,0.030011
8,0.487230,0.459605,0.027625
8,0.482173,0.454380,0.027793
8,0.501275,0.470319,0.030956
8,0.482948,0.455157,0.027791
8,0.492406,0.464182,0.028224
8,0.498357,0.469550,0.028807
8,0.497616,0.468477,0.029139
8,0.498179,0.469209,0.028970
8,0.509094,0.478400,0.030694
8,0.506731,0.477956,0.028775
8,0.502133,0.472694,0.029439
8,0.495714,0.467168,0.028546
8,0.499936,0.471103,0.028833
8,0.508480,0.478192,0.030288
8,0.502713,0.474099,0.028614
8,0.515078,0.485296,0.029782
8,0.496663,0.467950,0.028713
8,0.489344,0.460619,0.028724
8,0.479897,0.452101,0.027796
8,0.483320,0.454535,0.028785
8,0.492419,0.464201,0.028218
8,0.493742,0.465564,0.028178
8,0.485561,0.457967,0.027594
8,0.487002,0.458670,0.028332
8,0.482420,0.454912,0.027508
8,0.484704,0.456827,0.027877
8,0.503884,0.474195,0.029690
8,0.486867,0.458836,0.028031
8,0.486804,0.457311,0.029493
8,0.484893,0.456979,0.027914

9,0.480983,0.454724,0.026259
9,0.479040,0.452822,0.026218
9,0.478899,0.452679,0.026220
9,0.482071,0.455566,0.026505
9,0.486172,0.459487,0.026685
9,0.489981,0.461414,0.028568
9,0.483217,0.456725,0.026492
9,0.488480,0.460244,0.028235
9,0.490103,0.462530,0.027573
9,0.488686,0.461054,0.027632
9,0.488649,0.461991,0.026658
9,0.490543,0.462297,0.028245
9,0.487655,0.461023,0.026632
9,0.491014,0.462975,0.028039
9,0.486488,0.459867,0.026621
9,0.486805,0.458530,0.028275
9,0.482868,0.455897,0.026971
9,0.476009,0.449792,0.026217
9,0.481079,0.453197,0.027882
9,0.481198,0.454743,0.026455
9,0.481442,0.454977,0.026465
9,0.479399,0.452845,0.026554
9,0.479230,0.453013,0.026217
9,0.481458,0.455220,0.026238
9,0.473977,0.447979,0.025998
9,0.478168,0.451068,0.027100
9,0.478133,0.451893,0.026240
9,0.481261,0.454420,0.026841
9,0.482004,0.455762,0.026242
9,0.483928,0.457027,0.026901
9,0.483438,0.456952,0.026486
9,0.481132,0.454534,0.026598
9,0.478394,0.450612,0.027782
9,0.482361,0.455942,0.026419
9,0.480790,0.453348,0.027442
9,0.481886,0.454907,0.026979
9,0.481040,0.454843,0.026197
9,0.475712,0.449523,0.026189
9,0.482850,0.456642,0.026208
9,0.479686,0.452772,0.026914
9,0.473589,0.446986,0.026603
9,0.475308,0.449045,0.026263
9,0.477193,0.451211,0.025982
9,0.471161,0.445268,0.025893
9,0.478281,0.452222,0.026059
9,0.478454,0.452292,0.026162
9,0.478978,0.452851,0.026128
9,0.477718,0.451531,0.026187
9,0.482035,0.455298,0.026737
9,0.482271,0.455272,0.026999
9,0.479989,0.452927,0.027062
9,0.478612,0.451539,0.027073
9,0.480724,0.454471,0.026253
9,0.477947,0.451575,0.026372
9,0.478573,0.452405,0.026168
9,0.478872,0.452556,0.026316
9,0.482343,0.456109,0.026234
9,0.474502,0.447388,0.027114
9,0.486645,0.460327,0.026318
9,0.482564,0.456056,0.026508
9,0.480832,0.453749,0.027082
9,0.476164,0.449429,0.026735
9,0.485302,0.458564,0.026738
9,0.478574,0.452159,0.026415
9,0.479969,0.453348,0.026621
9,0.482701,0.454093,0.028608
9,0.484249,0.457864,0.026385
9,0.476516,0.448932,0.027584
9,0.484226,0.457822,0.026404
9,0.479647,0.453280,0.026366
9,0.476523,0.450395,0.026128
9,0.474303,0.447395,0.026908
9,0.477720,0.451020,0.026700
9,0.481528,0.454329,0.027199
9,0.294596,0.278323,0.016273
9,0.475584,0.449549,0.026035
9,0.468631,0.442591,0.026040
9,0.453559,0.428357,0.025202
9,0.475793,0.449418,0.026375
9,0.473484,0.447449,0.026035
9,0.480644,0.453632,0.027012
9,0.479554,0.453298,0.026256
9,0.476989,0.450188,0.026801
9,0.473851,0.447757,0.026094
9,0.474016,0.447735,0.026281
9,0.482339,0.455103,0.027236
9,0.479770,0.452884,0.026886
9,0.477577,0.451002,0.026575
9,0.477349,0.450870,0.026479
9,0.476457,0.450266,0.026191
9,0.480543,0.452944,0.027599
9,0.478123,0.451663,0.026459
9,0.473994,0.447931,0.026063
9,0.473135,0.447079,0.026056
9,0.473374,0.447390,0.025984
9,0.473053,0.445397,0.027656
9,0.474314,0.448144,0.026170
9,0.478627,0.452373,0.026254
9,0.475165,0.447510,0.027655
9,0.477392,0.450994,0.026398

10,0.542189,0.517287,0.024901
10,0.540314,0.515886,0.024428
10,0.539262,0.514807,0.024456
10,0.536556,0.510757,0.025799
10,0.538663,0.514083,0.024580
10,0.542404,0.518122,0.024282
10,0.536759,0.512591,0.024168
10,0.542665,0.517310,0.025355
10,0.542890,0.518539,0.024351
10,0.539105,0.514555,0.024549
10,0.535651,0.511456,0.024194
10,0.537099,0.512721,0.024378
10,0.536659,0.512384,0.024275
10,0.533530,0.509440,0.024090
10,0.537476,0.512605,0.024871
10,0.539547,0.515144,0.024403
10,0.540543,0.515265,0.025279
10,0.536870,0.510500,0.026370
10,0.543541,0.519008,0.024533
10,0.540846,0.516480,0.024366
10,0.540769,0.516222,0.024547
10,0.538132,0.512920,0.025212
10,0.535971,0.511688,0.024283
10,0.534713,0.510509,0.024204
10,0.535196,0.510964,0.024232
10,0.533576,0.509555,0.024021
10,0.535226,0.511143,0.024083
10,0.436653,0.415546,0.021106
10,0.536349,0.512079,0.024270
10,0.540276,0.515929,0.024346
10,0.543106,0.517004,0.026102
10,0.543244,0.518937,0.024307
10,0.543660,0.518069,0.025591
10,0.542502,0.517894,0.024608
10,0.543052,0.518684,0.024368
10,0.542764,0.518248,0.024516
10,0.545009,0.520512,0.024497
10,0.544317,0.519463,0.024854
10,0.545681,0.521091,0.024590
10,0.544068,0.519624,0.024444
10,0.541242,0.516046,0.025196
10,0.545791,0.521145,0.024646
10,0.538288,0.514131,0.024157
10,0.535234,0.511064,0.024170
10,0.530884,0.506310,0.024574
10,0.536149,0.511956,0.024193
10,0.535454,0.511198,0.024256
10,0.536658,0.510787,0.025871
10,0.537682,0.513338,0.024344
10,0.548122,0.523378,0.024744
10,0.544186,0.519591,0.024595
10,0.543550,0.518133,0.025417
10,0.541070,0.516608,0.024462
10,0.540040,0.515676,0.024364
10,0.540117,0.514816,0.025301
10,0.540082,0.515829,0.024253
10,0.540909,0.515616,0.025293
10,0.539004,0.514225,0.024779
10,0.544383,0.519779,0.024604
10,0.543409,0.518991,0.024419
10,0.541933,0.517523,0.024410
10,0.540510,0.514726,0.025784
10,0.543770,0.517949,0.025821
10,0.541418,0.516956,0.024462
10,0.539476,0.514840,0.024636
10,0.537876,0.513371,0.024506
10,0.539050,0.514521,0.024529
10,0.540563,0.516097,0.024466
10,0.537213,0.513005,0.024208
10,0.540413,0.515647,0.024766
10,0.539768,0.515185,0.024583
10,0.540542,0.516206,0.024336
10,0.540093,0.515639,0.024454
10,0.536681,0.512235,0.024446
10,0.536443,0.512082,0.024361
10,0.433636,0.412675,0.020961
10,0.536985,0.512333,0.024652
10,0.541783,0.517348,0.024435
10,0.544168,0.519692,0.024476
10,0.545373,0.520840,0.024533
10,0.545316,0.520421,0.024895
10,0.544664,0.519655,0.025009
10,0.541898,0.517060,0.024838
10,0.539259,0.514916,0.024343
10,0.540510,0.514698,0.025812
10,0.540761,0.516178,0.024583
10,0.541863,0.517380,0.024483
10,0.544652,0.520137,0.024515
10,0.545785,0.519522,0.026263
10,0.544264,0.519678,0.024586
10,0.543632,0.518982,0.024650
10,0.542138,0.517410,0.024729
10,0.538794,0.514370,0.024424
10,0.539885,0.515399,0.024485
10,0.538104,0.513810,0.024294
10,0.537245,0.513016,0.024229
10,0.535549,0.511261,0.024288
10,0.534400,0.509553,0.024847
10,0.540227,0.515922,0.024305
10,0.541590,0.517249,0.024341

11,0.459774,0.435700,0.024074
11,0.461283,0.437914,0.023370
11,0.464646,0.440822,0.023824
11,0.461530,0.438617,0.022913
11,0.460845,0.438008,0.022837
11,0.466817,0.443877,0.022940
11,0.462582,0.439930,0.022652
11,0.463748,0.440083,0.023665
11,0.461118,0.437964,0.023154
11,0.462632,0.438937,0.023695
11,0.462600,0.438687,0.023913
11,0.463798,0.440675,0.023124
11,0.461561,0.438678,0.022883
11,0.464286,0.440289,0.023997
11,0.458054,0.434927,0.023127
11,0.462793,0.438660,0.024133
11,0.462100,0.438627,0.023473
11,0.456591,0.433896,0.022696
11,0.458866,0.435795,0.023071
11,0.457273,0.433636,0.023637
11,0.457284,0.433684,0.023601
11,0.456905,0.433794,0.023111
11,0.455087,0.431269,0.023818
11,0.457875,0.433510,0.024365
11,0.460327,0.437451,0.022876
11,0.463165,0.440270,0.022895
11,0.461882,0.438441,0.023442
11,0.461833,0.438877,0.022956
11,0.459078,0.436281,0.022797
11,0.442666,0.420115,0.022550
11,0.458988,0.435910,0.023077
11,0.458761,0.435919,0.022842
11,0.458276,0.434296,0.023980
11,0.459726,0.436755,0.022971
11,0.460110,0.436004,0.024106
11,0.284593,0.270546,0.014047
11,0.461995,0.438864,0.023131
11,0.463241,0.440263,0.022978
11,0.465465,0.441535,0.023930
11,0.459592,0.436723,0.022869
11,0.461075,0.438272,0.022803
11,0.459251,0.435040,0.024211
11,0.457119,0.434610,0.022509
11,0.465094,0.442245,0.022849
11,0.456804,0.432828,0.023976
11,0.460783,0.437816,0.022967
11,0.458300,0.434219,0.024081
11,0.460818,0.437648,0.023170
11,0.461206,0.438326,0.022880
11,0.459601,0.436779,0.022822
11,0.433798,0.411436,0.022362
11,0.461781,0.438835,0.022946
11,0.458648,0.435920,0.022728
11,0.462679,0.439746,0.022933
11,0.460669,0.437600,0.023069
11,0.462565,0.439728,0.022837
11,0.455147,0.432581,0.022566
11,0.460119,0.437475,0.022644
11,0.460578,0.437661,0.022917
11,0.461578,0.438278,0.023299
11,0.401862,0.381895,0.019968
11,0.461247,0.438544,0.022703
11,0.461077,0.437821,0.023256
11,0.464943,0.440903,0.024040
11,0.461112,0.437751,0.023361
11,0.465698,0.442701,0.022997
11,0.466817,0.443264,0.023553
11,0.459037,0.436387,0.022650
11,0.459201,0.436256,0.022945
11,0.462063,0.436994,0.025069
11,0.462280,0.439413,0.022867
11,0.464540,0.441621,0.022919
11,0.462511,0.438869,0.023643
11,0.462818,0.439510,0.023308
11,0.464848,0.441844,0.023004
11,0.463431,0.440052,0.023379
11,0.458634,0.435559,0.023075
11,0.457841,0.435204,0.022637
11,0.456336,0.433311,0.023025
11,0.459019,0.436246,0.022773
11,0.453534,0.429950,0.023583
11,0.459050,0.435417,0.023633
11,0.457096,0.434397,0.022699
11,0.461294,0.438283,0.023011
11,0.462677,0.439884,0.022793
11,0.467143,0.444165,0.022978
11,0.463271,0.440247,0.023024
11,0.466606,0.443116,0.023490
11,0.463336,0.440310,0.023026
11,0.466725,0.443556,0.023169
11,0.464105,0.440989,0.023116
11,0.463403,0.440348,0.023055
11,0.462175,0.438671,0.023504
11,0.467554,0.444037,0.023517
11,0.462047,0.439152,0.022894
11,0.465369,0.442180,0.023189
11,0.451876,0.428621,0.023255
11,0.463314,0.440198,0.023116
11,0.464224,0.441032,0.023191
11,0.455828,0.433253,0.022575

12,0.450008,0.428144,0.021865
12,0.445174,0.423427,0.021747
12,0.467116,0.443784,0.023332
12,0.449886,0.426941,0.022945
12,0.448927,0.427082,0.021845
12,0.448000,0.426057,0.021943
12,0.447503,0.425576,0.021927
12,0.448043,0.425022,0.023021
12,0.448045,0.426181,0.021864
12,0.448057,0.426085,0.021972
12,0.448547,0.426679,0.021868
12,0.450033,0.428209,0.021824
12,0.445142,0.423374,0.021768
12,0.447703,0.425777,0.021926
12,0.448339,0.425947,0.022392
12,0.448104,0.426257,0.021847
12,0.448253,0.426438,0.021815
12,0.464942,0.441836,0.023106
12,0.449799,0.427949,0.021850
12,0.448285,0.426457,0.021828
12,0.450228,0.428306,0.021922
12,0.466647,0.442935,0.023711
12,0.465981,0.441861,0.024120
12,0.466204,0.443659,0.022545
12,0.449048,0.426757,0.022291
12,0.458560,0.435918,0.022642
12,0.463927,0.441332,0.022595
12,0.464284,0.440853,0.023431
12,0.466722,0.443988,0.022734
12,0.459959,0.437425,0.022534
12,0.466427,0.443863,0.022564
12,0.460542,0.437906,0.022636
12,0.466277,0.443638,0.022639
12,0.465333,0.442064,0.023269
12,0.467273,0.444636,0.022637
12,0.461263,0.438651,0.022612
12,0.449597,0.427617,0.021980
12,0.465201,0.442659,0.022542
12,0.465849,0.443178,0.022671
12,0.463768,0.441225,0.022543
12,0.463522,0.440750,0.022772
12,0.463228,0.440662,0.022566
12,0.467251,0.442889,0.024362
12,0.464607,0.441964,0.022643
12,0.463728,0.440918,0.022810
12,0.463976,0.440333,0.023643
12,0.465115,0.442586,0.022529
12,0.462705,0.439713,0.022992
12,0.466074,0.442162,0.023912
12,0.464541,0.441859,0.022681
12,0.467960,0.445260,0.022700
12,0.466224,0.443132,0.023092
12,0.465345,0.442622,0.022722
12,0.464663,0.440372,0.024292
12,0.464175,0.441459,0.022716
12,0.465257,0.442525,0.022732
12,0.465423,0.441402,0.024021
12,0.460904,0.438405,0.022499
12,0.456541,0.434330,0.022212
12,0.467767,0.444228,0.023539
12,0.463128,0.440508,0.022620
12,0.462101,0.439542,0.022559
12,0.465672,0.442780,0.022892
12,0.465408,0.442564,0.022844
12,0.462711,0.440065,0.022646
12,0.454120,0.431916,0.022204
12,0.464474,0.441689,0.022784
12,0.460890,0.438239,0.022651
12,0.467659,0.444268,0.023391
12,0.464963,0.441815,0.023148
12,0.458969,0.436514,0.022455
12,0.445903,0.423826,0.022077
12,0.462169,0.439550,0.022619
12,0.458799,0.436488,0.022311
12,0.465505,0.442105,0.023400
12,0.464569,0.441929,0.022640
12,0.463995,0.441436,0.022559
12,0.463681,0.439860,0.023821
12,0.465746,0.442284,0.023463
12,0.464661,0.441045,0.023616
12,0.444955,0.422137,0.022818
12,0.459620,0.436735,0.022885
12,0.457984,0.435422,0.022562
12,0.464399,0.441505,0.022894
12,0.463613,0.441001,0.022612
12,0.455727,0.433539,0.022188
12,0.465314,0.442650,0.022664
12,0.463280,0.440578,0.022702
12,0.463290,0.440354,0.022936
12,0.467524,0.443144,0.024380
12,0.462017,0.439481,0.022536
12,0.463712,0.441102,0.022610
12,0.465288,0.442612,0.022676
12,0.464016,0.441418,0.022598
12,0.461020,0.438371,0.022649
12,0.466186,0.443482,0.022704
12,0.466196,0.443564,0.022632
12,0.460627,0.438161,0.022466
12,0.464735,0.441369,0.023366
12,0.464009,0.441319,0.022690

13,0.455917,0.434347,0.021570
13,0.452756,0.431165,0.021591
13,0.453381,0.431839,0.021542
13,0.454552,0.432174,0.022377
13,0.452437,0.430643,0.021794
13,0.453664,0.431267,0.022397
13,0.456607,0.435053,0.021554
13,0.454070,0.431304,0.022767
13,0.438443,0.417654,0.020789
13,0.454965,0.433067,0.021899
13,0.453630,0.431410,0.022220
13,0.455971,0.434380,0.021591
13,0.452860,0.431187,0.021673
13,0.455444,0.433690,0.021755
13,0.454853,0.432601,0.022252
13,0.449038,0.427144,0.021894
13,0.454600,0.432949,0.021651
13,0.451469,0.429966,0.021503
13,0.455911,0.433664,0.022247
13,0.454349,0.432780,0.021569
13,0.452674,0.430928,0.021746
13,0.452911,0.431399,0.021512
13,0.454953,0.432413,0.022540
13,0.451999,0.430447,0.021552
13,0.453873,0.431739,0.022134
13,0.455533,0.432074,0.023459
13,0.451361,0.429797,0.021564
13,0.453327,0.431834,0.021492
13,0.454193,0.432246,0.021947
13,0.456351,0.434808,0.021543
13,0.453902,0.432246,0.021656
13,0.454094,0.432261,0.021833
13,0.455730,0.433317,0.022413
13,0.451692,0.430137,0.021555
13,0.456740,0.434235,0.022506
13,0.455200,0.432164,0.023036
13,0.455037,0.433561,0.021477
13,0.453611,0.431373,0.022238
13,0.451690,0.430098,0.021592
13,0.457642,0.434772,0.022870
13,0.452296,0.430774,0.021522
13,0.452883,0.431318,0.021564
13,0.456597,0.434093,0.022504
13,0.454978,0.433357,0.021621
13,0.451158,0.429678,0.021480
13,0.456304,0.433955,0.022349
13,0.451523,0.429879,0.021644
13,0.454266,0.432679,0.021587
13,0.452638,0.430970,0.021668
13,0.454195,0.432284,0.021911
13,0.453944,0.432133,0.021811
13,0.451752,0.430245,0.021507
13,0.455323,0.433744,0.021579
13,0.452158,0.430594,0.021564
13,0.450970,0.429355,0.021615
13,0.453340,0.431843,0.021497
13,0.455080,0.432486,0.022594
13,0.452277,0.430792,0.021485
13,0.291575,0.276811,0.014764
13,0.452537,0.430978,0.021559
13,0.453686,0.432088,0.021598
13,0.452823,0.430255,0.022568
13,0.455010,0.432069,0.022941
13,0.454009,0.432456,0.021553
13,0.453014,0.431520,0.021494
13,0.452121,0.429821,0.022300
13,0.452928,0.431350,0.021578
13,0.452135,0.430587,0.021548
13,0.454985,0.432489,0.022496
13,0.417904,0.397482,0.020422
13,0.453678,0.432047,0.021631
13,0.451838,0.430336,0.021502
13,0.454729,0.431726,0.023003
13,0.455540,0.432010,0.023530
13,0.452490,0.430861,0.021629
13,0.455012,0.432304,0.022707
13,0.456039,0.433401,0.022638
13,0.453314,0.431782,0.021532
13,0.454546,0.433033,0.021514
13,0.454872,0.432613,0.022259
13,0.453613,0.431970,0.021643
13,0.453120,0.431568,0.021552
13,0.454185,0.431932,0.022253
13,0.454174,0.431003,0.023171
13,0.453553,0.431994,0.021559
13,0.452674,0.430851,0.021823
13,0.455285,0.433262,0.022022
13,0.454663,0.433004,0.021659
13,0.454751,0.432292,0.022460
13,0.455534,0.433009,0.022525
13,0.451920,0.430335,0.021585
13,0.452503,0.430477,0.022026
13,0.456070,0.432252,0.023818
13,0.453193,0.431743,0.021450
13,0.452913,0.431457,0.021456
13,0.453187,0.431625,0.021562
13,0.453945,0.431618,0.022327
13,0.455114,0.432535,0.022579
13,0.452161,0.430657,0.021504
13,0.452890,0.431347,0.021544

14,0.230685,0.217759,0.012926
14,0.365874,0.345162,0.020712
14,0.367233,0.346545,0.020689
14,0.367263,0.346406,0.020857
14,0.263228,0.247897,0.015331
14,0.367927,0.347243,0.020684
14,0.367608,0.346267,0.021341
14,0.367895,0.347162,0.020733
14,0.367544,0.346891,0.020653
14,0.367451,0.345923,0.021528
14,0.367311,0.346560,0.020751
14,0.366856,0.346093,0.020763
14,0.365918,0.345234,0.020684
14,0.366585,0.345805,0.020780
14,0.367417,0.345945,0.021472
14,0.240426,0.227032,0.013393
14,0.366741,0.345836,0.020905
14,0.368230,0.346690,0.021540
14,0.264159,0.249243,0.014916
14,0.366362,0.345694,0.020668
14,0.367022,0.346384,0.020638
14,0.367219,0.346034,0.021185
14,0.368834,0.347545,0.021289
14,0.367995,0.347296,0.020699
14,0.310642,0.293153,0.017489
14,0.367060,0.346352,0.020708
14,0.368358,0.347205,0.021153
14,0.368281,0.347663,0.020618
14,0.369055,0.347248,0.021807
14,0.369737,0.348542,0.021195
14,0.368220,0.346927,0.021293
14,0.337732,0.318652,0.019079
14,0.365823,0.345085,0.020738
14,0.368915,0.348107,0.020808
14,0.368529,0.347796,0.020733
14,0.367838,0.346306,0.021532
14,0.294818,0.277643,0.017175
14,0.366697,0.346092,0.020605
14,0.365944,0.344951,0.020993
14,0.366340,0.344975,0.021364
14,0.367447,0.346316,0.021131
14,0.368413,0.347692,0.020721
14,0.368914,0.348150,0.020764
14,0.366981,0.346395,0.020586
14,0.366134,0.345451,0.020683
14,0.367806,0.347196,0.020610
14,0.368206,0.347522,0.020684
14,0.368356,0.346935,0.021421
14,0.366543,0.345061,0.021482
14,0.295852,0.278524,0.017329
14,0.367410,0.346674,0.020736
14,0.367853,0.346544,0.021309
14,0.241971,0.227746,0.014225
14,0.366959,0.346154,0.020805
14,0.366381,0.345700,0.020681
14,0.367650,0.345568,0.022082
14,0.368203,0.346628,0.021574
14,0.368915,0.346317,0.022598
14,0.366022,0.345405,0.020617
14,0.368104,0.347166,0.020938
14,0.366368,0.345672,0.020696
14,0.367186,0.346459,0.020727
14,0.368486,0.346235,0.022251
14,0.367634,0.345401,0.022233
14,0.366093,0.345396,0.020697
14,0.366142,0.345487,0.020655
14,0.366861,0.346129,0.020731
14,0.366989,0.346321,0.020668
14,0.366521,0.345917,0.020604
14,0.366381,0.345311,0.021070
14,0.368885,0.347601,0.021284
14,0.369742,0.348462,0.021280
14,0.293381,0.276124,0.017257
14,0.366828,0.346135,0.020693
14,0.368502,0.346636,0.021866
14,0.239296,0.225124,0.014173
14,0.366705,0.346032,0.020673
14,0.367193,0.346531,0.020662
14,0.368196,0.347489,0.020707
14,0.366268,0.345568,0.020700
14,0.369900,0.347919,0.021981
14,0.368243,0.347551,0.020692
14,0.365998,0.345281,0.020717
14,0.366476,0.345746,0.020730
14,0.367518,0.346791,0.020727
14,0.368746,0.347082,0.021664
14,0.366176,0.345548,0.020628
14,0.262656,0.247919,0.014737
14,0.366633,0.345985,0.020648
14,0.368629,0.347072,0.021557
14,0.368239,0.346967,0.021272
14,0.366957,0.346281,0.020676
14,0.297194,0.280125,0.017069
14,0.366855,0.345361,0.021494
14,0.370509,0.349173,0.021336
14,0.244893,0.230492,0.014401
14,0.366254,0.345545,0.020709
14,0.367944,0.346500,0.021444
14,0.367325,0.345873,0.021452
14,0.264000,0.249179,0.014821

15,0.436982,0.416888,0.020094
15,0.435676,0.415497,0.020180
15,0.436305,0.416150,0.020155
15,0.439262,0.419223,0.020039
15,0.435810,0.415597,0.020213
15,0.436818,0.416575,0.020243
15,0.436846,0.416781,0.020065
15,0.435326,0.415336,0.019990
15,0.437347,0.416190,0.021157
15,0.437960,0.417953,0.020007
15,0.436594,0.415262,0.021332
15,0.437130,0.416888,0.020242
15,0.432517,0.411231,0.021286
15,0.436690,0.416489,0.020201
15,0.436624,0.416601,0.020023
15,0.435755,0.415685,0.020070
15,0.437916,0.416322,0.021594
15,0.436904,0.416130,0.020774
15,0.436507,0.416412,0.020095
15,0.436598,0.416570,0.020028
15,0.434825,0.414762,0.020063
15,0.437023,0.416382,0.020641
15,0.436397,0.415946,0.020451
15,0.436802,0.416781,0.020021
15,0.437589,0.417597,0.019992
15,0.436670,0.416466,0.020204
15,0.435350,0.415373,0.019977
15,0.437247,0.417196,0.020051
15,0.435001,0.414951,0.020050
15,0.438135,0.418105,0.020030
15,0.436678,0.416098,0.020580
15,0.439248,0.417769,0.021479
15,0.436161,0.416104,0.020057
15,0.437277,0.417344,0.019933
15,0.436555,0.415817,0.020738
15,0.436757,0.415395,0.021362
15,0.435096,0.415105,0.019991
15,0.436863,0.416607,0.020256
15,0.436670,0.416001,0.020669
15,0.265638,0.253442,0.012196
15,0.437064,0.417019,0.020045
15,0.438679,0.418626,0.020053
15,0.437123,0.415382,0.021741
15,0.267051,0.253987,0.013064
15,0.436461,0.416412,0.020049
15,0.436743,0.416649,0.020094
15,0.439402,0.418201,0.021201
15,0.437558,0.416420,0.021138
15,0.437275,0.416766,0.020509
15,0.436680,0.416567,0.020113
15,0.438693,0.418376,0.020317
15,0.436464,0.415794,0.020670
15,0.435519,0.415524,0.019995
15,0.437612,0.417023,0.020589
15,0.363516,0.346852,0.016664
15,0.435126,0.415118,0.020008
15,0.437425,0.417093,0.020332
15,0.437484,0.415933,0.021551
15,0.437423,0.416797,0.020626
15,0.437657,0.416797,0.020860
15,0.436221,0.416186,0.020036
15,0.438455,0.418377,0.020078
15,0.438060,0.417927,0.020133
15,0.439286,0.417891,0.021395
15,0.440178,0.420099,0.020079
15,0.438560,0.418524,0.020036
15,0.437300,0.417318,0.019982
15,0.438422,0.416700,0.021722
15,0.437763,0.416566,0.021197
15,0.357880,0.341553,0.016327
15,0.412496,0.393219,0.019278
15,0.435242,0.415159,0.020083
15,0.439514,0.419539,0.019974
15,0.438425,0.418225,0.020200
15,0.437972,0.417196,0.020776
15,0.438910,0.417458,0.021452
15,0.438266,0.417923,0.020343
15,0.437407,0.417397,0.020010
15,0.437109,0.416969,0.020140
15,0.437628,0.417120,0.020508
15,0.436952,0.416915,0.020037
15,0.438049,0.418009,0.020040
15,0.436510,0.415823,0.020687
15,0.266374,0.254143,0.012232
15,0.392635,0.374398,0.018237
15,0.439704,0.419611,0.020093
15,0.437012,0.417001,0.020011
15,0.438371,0.418099,0.020272
15,0.438580,0.417259,0.021321
15,0.437647,0.417581,0.020066
15,0.437097,0.416857,0.020240
15,0.437043,0.417062,0.019981
15,0.441422,0.421397,0.020025
15,0.438390,0.417430,0.020960
15,0.436957,0.416888,0.020069
15,0.438359,0.418402,0.019957
15,0.439830,0.419364,0.020466
15,0.436279,0.416186,0.020093
15,0.438667,0.418597,0.020070
15,0.437278,0.417101,0.020177

16,0.739276,0.650369,0.088907
16,0.772895,0.651887,0.121008
16,19.195906,11.633580,7.562326
16,0.708889,0.635917,0.072972
16,18.901711,11.456559,7.445152
16,0.556351,0.534393,0.021958
16,0.655762,0.593993,0.061769
16,0.599670,0.540578,0.059092
16,18.490601,11.197744,7.292857
16,0.681762,0.612238,0.069524
16,18.801897,11.363572,7.438324
16,0.736819,0.623282,0.113537
16,0.714244,0.644317,0.069927
16,11.568826,7.170675,4.398151
16,1.065226,0.796895,0.268331
16,0.712810,0.642946,0.069864
16,0.627604,0.606280,0.021324
16,18.945008,11.524147,7.420861
16,0.672756,0.635621,0.037135
16,0.811752,0.706020,0.105732
16,0.903379,0.755117,0.148262
16,0.744975,0.658226,0.086749
16,18.806389,11.372056,7.434333
16,18.657240,11.289590,7.367650
16,0.885664,0.753897,0.131767
16,0.644362,0.576999,0.067363
16,18.895761,11.506888,7.388873
16,0.500378,0.478876,0.021502
16,18.916950,11.437121,7.479829
16,22.119614,13.404219,8.715395
16,5.921563,3.718210,2.203353
16,0.544736,0.523335,0.021401
16,2.718027,1.842728,0.875299
16,0.635795,0.598243,0.037552
16,21.067743,12.722226,8.345517
16,7.567619,4.718989,2.848630
16,18.557881,11.221957,7.335924
16,0.860799,0.702158,0.158641
16,0.774973,0.690355,0.084618
16,0.834252,0.726650,0.107602
16,0.621262,0.559911,0.061351
16,0.591733,0.569242,0.022491
16,2.283873,1.554798,0.729075
16,0.725888,0.640504,0.085384
16,0.594683,0.572435,0.022248
16,21.072273,12.753333,8.318940
16,0.603865,0.565932,0.037933
16,0.872968,0.723554,0.149414
16,0.556770,0.534781,0.021989
16,0.782390,0.672062,0.110328
16,0.505329,0.483743,0.021586
16,7.655963,4.788977,2.866987
16,18.791831,11.433176,7.358655
16,1.370724,1.026526,0.344198
16,18.690763,11.296700,7.394063
16,0.661767,0.593692,0.068075
16,0.617618,0.579913,0.037705
16,0.664439,0.593408,0.071031
16,16.305428,9.926758,6.378670
16,0.491775,0.473201,0.018574
16,18.777989,11.375330,7.402659
16,0.860638,0.739611,0.121027
16,0.550811,0.527923,0.022888
16,8.385552,5.237750,3.147802
16,0.570534,0.548640,0.021894
16,18.659736,11.260624,7.399112
16,0.657722,0.591698,0.066024
16,0.850280,0.721230,0.129050
16,18.723284,11.361402,7.361882
16,0.686410,0.617470,0.068940
16,1.135305,0.879373,0.255932
16,23.730323,14.379992,9.350331
16,19.071843,11.563461,7.508382
16,0.686152,0.616499,0.069653
16,23.906690,14.504118,9.402572
16,0.533215,0.511009,0.022206
16,0.731006,0.665756,0.065249
16,17.609362,10.626547,6.982815
16,0.822800,0.710763,0.112037
16,18.499084,11.186482,7.312602
16,0.549995,0.527989,0.022007
16,0.649220,0.610730,0.038490
16,14.338122,8.778975,5.559147
16,1.705607,1.229006,0.476601
16,0.654189,0.584666,0.069523
16,17.542149,10.588480,6.953669
16,1.440805,1.068009,0.372796
16,0.551841,0.530292,0.021549
16,0.542775,0.520827,0.021948
16,0.764906,0.698409,0.066497
16,7.553120,4.727548,2.825572
16,5.911008,3.710207,2.200801
16,29.070040,17.553742,11.516298
16,24.419736,14.757916,9.661819
16,0.819517,0.686269,0.133248
16,17.505637,10.582180,6.923457
16,0.934675,0.776610,0.158065
16,26.029414,15.750621,10.278793
16,18.455297,11.134875,7.320422
16,0.590478,0.567595,0.022883

