DRAM test
0
10246.2
10655.4
11375.9
11670.8
1
21385.5
22607.1
23355.4
23357.4
2
33873.2
35614.9
36234.6
36252.1
3
43918.6
44646.7
48068.3
48211.1
4
47845.4
48478.9
53515.3
53850.2
5
50371.8
51057.8
56706.6
57026.2
6
52709.6
53201.9
59501.8
60166.8
7
54557.4
55084.9
62669.8
63055.3
8
56809.8
57204.5
65609.5
65863.6
9
58841.1
59371.6
67990.5
68135.4
10
60693.6
61119.7
69909.9
70048.6
11
62003.5
62422.2
70890.6
71067.3
12
63346.1
63676.7
72143.5
72214.9
13
64159.5
64428.0
72623.9
72648.0
14
64617.8
64782.5
72773.6
72747.3
15
64774.4
64950.6
72711.5
72800.4
