16,15,1,249.757678,223.827398,249.837820,0.036737,40.623456,209.163235,249.837960
16,14,2,139.586469,112.682755,139.608615,0.007212,20.875363,118.707391,139.608796
16,13,3,100.136503,72.928177,100.151940,0.007489,17.554392,82.569246,100.152075
16,12,4,75.939948,47.846526,75.952225,0.020253,13.322853,62.601562,75.952352
16,11,5,60.740726,31.012380,60.751515,0.007818,10.643166,50.094080,60.751645
16,10,6,51.253408,20.610099,51.263058,0.018869,9.213009,42.023149,51.263186
16,9,7,45.698747,13.202814,45.707519,0.043647,8.318101,37.336556,45.707644
16,8,8,40.006667,5.555088,40.016278,0.079385,7.331802,32.591059,40.016401
16,7,9,40.148409,0.032062,40.157373,4.310918,6.873313,28.961393,40.157500
16,6,10,44.719204,0.020382,44.727231,13.230598,6.056579,25.426942,44.727357
16,5,11,52.344337,0.019916,52.351483,24.348840,5.366467,22.623094,52.351605
16,4,12,62.180404,0.017617,62.187335,36.432347,4.922387,20.818876,62.187416
16,3,13,79.849208,0.014753,79.856447,56.575636,4.508873,18.757245,79.856573
16,2,14,117.363330,0.007662,117.371689,95.340187,4.672114,17.343901,117.371819
16,1,15,215.925551,0.000886,215.937338,195.427393,4.360408,16.133477,215.937460
