total_threads iteration_threads transfer_threads iteration_time iteration_idle_time transfer_time transfer_idle_time DRAM_to_NVM_time Analyse_time Total time
2,1,1,119.058659,0.003427,119.060146,81.619052,13.269446,24.159570,119.060275
3,1,2,119.878183,0.005573,119.878979,100.420907,6.967736,12.471855,119.879099
3,2,1,63.859845,0.008725,63.861343,25.445584,13.604484,24.795979,63.861462
4,1,3,117.690922,0.005413,117.691444,104.552316,4.739044,8.382983,117.691565
4,2,2,63.791092,0.008264,63.791871,43.997672,7.047322,12.726644,63.791948
4,3,1,46.030033,0.007505,46.031574,7.186042,13.802861,25.025756,46.031692
5,1,4,117.006116,0.006573,117.006511,107.120148,3.558845,6.306387,117.006663
5,2,3,63.150340,0.009007,63.150844,50.011397,4.715406,8.406366,63.150967
5,3,2,45.465016,0.007230,45.465784,25.790580,6.996943,12.658653,45.465905
5,4,1,39.038914,2.405141,39.039893,0.006091,13.815622,25.202411,39.040012
6,1,5,117.141842,0.006253,117.142161,109.127918,2.880947,5.109428,117.142283
6,2,4,62.997787,0.007757,62.998163,52.813950,3.646574,6.517072,62.998234
6,3,3,44.586847,0.008779,44.587352,31.427184,4.712605,8.429968,44.587425
6,4,2,36.245326,0.007837,36.246094,16.171692,7.182342,12.874538,36.246169
6,5,1,39.193202,8.964264,39.194183,0.004448,13.761654,25.412356,39.194309
7,1,6,118.793890,0.006466,118.794157,111.956088,2.447599,4.361308,118.794277
7,2,5,63.180568,0.008928,63.180867,54.991332,2.950292,5.213716,63.180988
7,3,4,45.587417,0.008223,45.587799,35.321892,3.678171,6.564773,45.587920
7,4,3,35.367851,0.009381,35.368362,21.900387,4.812629,8.636648,35.368486
7,5,2,30.474539,0.008803,30.475380,10.289687,7.188588,12.977608,30.475505
7,6,1,40.307596,14.159870,40.308583,0.004050,14.100380,26.188123,40.308724
8,1,7,123.540710,0.005405,123.540964,117.321143,2.212453,3.973297,123.541087
8,2,6,65.069438,0.009145,65.069685,57.898819,2.559302,4.581640,65.069761
8,3,5,45.558860,0.008052,45.559194,37.160145,3.000436,5.373479,45.559322
8,4,4,35.586510,0.008362,35.586880,25.209618,3.720358,6.635783,35.587007
8,5,3,30.114241,0.010013,30.114802,16.332646,4.920377,8.843495,30.114925
8,6,2,26.572307,0.008787,26.573159,5.835533,7.399153,13.316178,26.573282
8,7,1,41.481648,17.990165,41.482730,0.003442,14.480445,26.982640,41.482855
9,1,8,124.588774,0.007191,124.588999,118.979449,1.972341,3.596364,124.589126
9,2,7,65.855652,0.009468,65.855883,59.525290,2.244667,4.051083,65.856004
9,3,6,46.582682,0.008309,46.582959,39.130478,2.638154,4.783551,46.583085
9,4,5,36.345594,0.008721,36.345923,27.648030,3.106081,5.565533,36.346047
9,5,4,30.329169,0.008648,30.329589,19.500449,3.860467,6.946985,30.329670
9,6,3,26.402942,0.010940,26.403564,11.916580,5.207852,9.260375,26.403688
9,7,2,23.999612,0.007983,24.000444,2.101199,7.796209,14.080730,24.000579
9,8,1,43.020227,21.897663,43.021315,0.002986,15.022521,27.980435,43.021442
10,1,9,125.001041,0.008365,125.001245,119.940935,1.773043,3.242388,125.001373
10,2,8,66.247495,0.008589,66.247696,60.610499,1.983229,3.613816,66.247819
10,3,7,46.439489,0.008341,46.439724,39.992171,2.272190,4.138484,46.439850
10,4,6,36.558073,0.008867,36.558352,29.242571,2.595016,4.689150,36.558478
10,5,5,30.488632,0.008918,30.488968,21.663209,3.147592,5.651121,30.489097
10,6,4,26.376253,0.009792,26.376672,15.502456,3.883652,6.969501,26.376797
10,7,3,23.216650,0.011787,23.217208,8.780601,5.141907,9.275701,23.217331
10,8,2,21.621091,0.827719,21.621626,0.008076,7.657246,13.936237,21.621752
10,9,1,43.317621,24.299855,43.318702,0.003120,15.101732,28.198430,43.318824
11,1,10,127.949224,0.005949,127.949410,123.136624,1.654691,3.106315,127.949534
11,2,9,67.331294,0.009718,67.331474,62.159948,1.798671,3.328138,67.331599
11,3,8,47.523876,0.008031,47.524081,41.579999,2.077460,3.826591,47.524209
11,4,7,37.239168,0.008917,37.239402,30.722688,2.304308,4.176277,37.239478
11,5,6,30.454279,0.009300,30.454557,22.965062,2.653332,4.804628,30.454681
11,6,5,26.969616,0.008888,26.969951,17.938174,3.206215,5.798906,26.970100
11,7,4,23.477247,0.009151,23.477666,12.250147,4.007556,7.198363,23.477787
11,8,3,20.700025,0.011158,20.700643,5.949940,5.267191,9.463314,20.700721
11,9,2,22.240480,3.261622,22.241033,0.005637,7.817052,14.394759,22.241161
11,10,1,44.003338,26.630281,44.004420,0.003407,15.357520,28.628176,44.004538
12,1,11,131.961236,0.007186,131.961425,127.285668,1.586142,3.032211,131.961552
12,2,10,68.625672,0.008245,68.625834,63.741587,1.692888,3.141592,68.625965
12,3,9,48.300596,0.008142,48.300780,42.948533,1.861871,3.443978,48.300900
12,4,8,38.973098,0.008452,38.973304,33.031026,2.081393,3.820620,38.973376
12,5,7,30.936485,0.009808,30.936726,24.062426,2.404519,4.432803,30.936854
12,6,6,26.621208,0.009677,26.621514,18.886048,2.745854,4.958293,26.621640
12,7,5,23.534022,0.009186,23.534390,14.300196,3.270695,5.938360,23.534521
12,8,4,21.533584,0.010664,21.534000,8.999121,4.392546,8.118927,21.534070
12,9,3,18.959887,0.010244,18.960458,3.653705,5.478800,9.804867,18.960531
12,10,2,22.638389,5.260899,22.638947,0.005710,7.935685,14.677387,22.639021
12,11,1,45.253253,28.858836,45.254375,0.003374,15.806462,29.429064,45.254449
13,1,12,134.694978,0.007163,134.695154,130.186676,1.517799,2.928087,134.695282
13,2,11,71.049694,0.009830,71.049858,66.340494,1.604518,3.047145,71.049983
13,3,10,49.887412,0.008795,49.887598,44.589388,1.825056,3.419765,49.887726
13,4,9,38.716542,0.008834,38.716751,32.930520,2.002937,3.733323,38.716874
13,5,8,32.336953,0.008757,32.337185,26.140382,2.165775,3.986247,32.337312
13,6,7,27.452132,0.009721,27.452400,20.459691,2.461763,4.492998,27.452536
13,7,6,24.299037,0.009226,24.299350,16.237520,2.848148,5.181592,24.299473
13,8,5,21.351989,0.009885,21.352361,11.704182,3.416975,6.205258,21.352468
13,9,4,19.444436,0.010893,19.444897,7.483674,4.237404,7.700006,19.445012
13,10,3,17.530287,0.011512,17.530897,1.557453,5.677509,10.274132,17.531024
13,11,2,23.834451,7.461528,23.835043,0.002704,8.381173,15.429541,23.835166
13,12,1,47.488164,31.940568,47.489370,0.002577,16.608266,30.862676,47.489488
14,1,13,134.845132,0.007477,134.845299,130.642276,1.398564,2.734956,134.845422
14,2,12,70.656362,0.010060,70.656514,66.229740,1.484282,2.880269,70.656638
14,3,11,49.965057,0.008554,49.965226,45.258793,1.593674,3.055982,49.965349
14,4,10,38.964720,0.009482,38.964907,33.896647,1.741268,3.274509,38.965029
14,5,9,32.051907,0.010578,32.052108,26.320025,1.977990,3.705675,32.052231
14,6,8,27.814879,0.009984,27.815112,21.566434,2.174582,4.031604,27.815236
14,7,7,24.228139,0.009679,24.228408,17.203499,2.484838,4.503163,24.228532
14,8,6,21.363885,0.011075,21.364193,13.240941,2.864884,5.224856,21.364317
14,9,5,19.958330,0.010514,19.958700,10.334807,3.413038,6.183469,19.958774
14,10,4,18.443906,0.010206,18.444367,6.471556,4.257174,7.690971,18.444493
14,11,3,16.619457,0.035806,16.620073,0.660282,5.686472,10.251512,16.620199
14,12,2,23.827344,8.545647,23.827937,0.004689,8.331923,15.471579,23.828059
14,13,1,47.357040,33.328939,47.358245,0.002741,16.573332,30.765973,47.358367
15,1,14,134.426420,0.008294,134.426636,130.397383,1.325150,2.630966,134.426710
15,2,13,71.154507,0.009524,71.154652,66.870129,1.424943,2.788843,71.154777
15,3,12,49.968440,0.008654,49.968595,45.582697,1.471734,2.851362,49.968717
15,4,11,38.966293,0.008272,38.966466,34.098721,1.650316,3.160023,38.966597
15,5,10,31.981747,0.010022,31.981934,26.867482,1.755939,3.305414,31.982061
15,6,9,27.630213,0.009693,27.630427,22.062877,1.931764,3.587534,27.630549
15,7,8,24.312284,0.009566,24.312506,18.117631,2.167847,3.984782,24.312575
15,8,7,21.180818,0.009119,21.181091,14.206822,2.446059,4.490083,21.181219
15,9,6,19.188683,0.010011,19.188992,11.099096,2.864516,5.194637,19.189114
15,10,5,17.672557,0.010739,17.672926,8.074928,3.401505,6.169812,17.673006
15,11,4,16.243959,0.010735,16.244423,4.268527,4.246635,7.704777,16.244547
15,12,3,16.014827,0.695791,16.015219,0.009245,5.649750,10.333259,16.015342
15,13,2,23.739677,9.818664,23.740270,0.004231,8.317709,15.398440,23.740395
15,14,1,47.263478,34.147431,47.264674,0.002676,16.555578,30.689729,47.264798
16,1,15,132.970973,0.028533,132.971124,129.109836,1.266145,2.515073,132.971249
16,2,14,69.993488,0.009519,69.993618,65.946136,1.338285,2.634579,69.993747
16,3,13,49.654272,0.008537,49.654417,45.431284,1.433683,2.720768,49.654540
16,4,12,38.444821,0.008864,38.444977,33.989110,1.518397,2.873302,38.445096
16,5,11,32.066640,0.010201,32.066813,27.287821,1.635102,3.083435,32.066940
16,6,10,27.565712,0.029325,27.565901,22.463380,1.760614,3.287684,27.566026
16,7,9,24.409499,0.010402,24.409706,18.802542,1.951908,3.606596,24.409829
16,8,8,21.343817,0.024281,21.344064,15.148898,2.151304,3.984929,21.344238
16,9,7,19.282332,0.009763,19.282597,12.302442,2.452811,4.489702,19.282714
16,10,6,17.511162,0.009671,17.511472,9.331111,2.882170,5.267851,17.511551
16,11,5,16.187907,0.011323,16.188292,6.565961,3.406156,6.188581,16.188412
16,12,4,15.388519,0.011826,15.388976,3.340379,4.276534,7.748116,15.389098
16,13,3,15.922709,2.112068,15.923101,0.035881,5.592134,10.273854,15.923223
16,14,2,23.713549,10.812491,23.714141,0.004581,8.299505,15.391960,23.714263
16,15,1,47.201183,34.925661,47.202401,0.002478,16.538817,30.647259,47.202523
